
RandomForest Parametro Ekorketa:
Ekortuko ditugun parametroak:
bagSizePercent maxDepth numFeatures numIterations FMEASURE DENBORA
Ebaluzio metrika: Klase minoritarioa fMeasure


	1	 	10	 	 0	  1	   NaN	 0.9381787

	1	 	10	 	 0	  6	   0.4444444444444444	 0.043483

	1	 	10	 	 0	  11	   NaN	 0.0491999

	1	 	10	 	 0	  16	   NaN	 0.0613738

	1	 	10	 	 0	  21	   NaN	 0.0663457

	1	 	10	 	 0	  26	   NaN	 0.0711349

	1	 	10	 	 0	  31	   NaN	 0.0920732

	1	 	10	 	 0	  36	   NaN	 0.0823255

	1	 	10	 	 0	  41	   NaN	 0.0536449

	1	 	10	 	 0	  46	   NaN	 0.0534307

	1	 	10	 	 200	  1	   NaN	 0.0109578

	1	 	10	 	 200	  6	   0.14285714285714288	 0.0196026

	1	 	10	 	 200	  11	   NaN	 0.0252732

	1	 	10	 	 200	  16	   NaN	 0.0386034

	1	 	10	 	 200	  21	   NaN	 0.0384549

	1	 	10	 	 200	  26	   NaN	 0.053003

	1	 	10	 	 200	  31	   NaN	 0.0510674

	1	 	10	 	 200	  36	   NaN	 0.06914

	1	 	10	 	 200	  41	   NaN	 0.0651209

	1	 	10	 	 200	  46	   NaN	 0.0649679

	1	 	10	 	 400	  1	   NaN	 0.0136354

	1	 	10	 	 400	  6	   0.0	 0.0198857

	1	 	10	 	 400	  11	   NaN	 0.0274856

	1	 	10	 	 400	  16	   NaN	 0.0346272

	1	 	10	 	 400	  21	   NaN	 0.0415435

	1	 	10	 	 400	  26	   0.14285714285714288	 0.0478242

	1	 	10	 	 400	  31	   0.14285714285714288	 0.0707676

	1	 	10	 	 400	  36	   0.14285714285714288	 0.0681419

	1	 	10	 	 400	  41	   NaN	 0.0720389

	1	 	10	 	 400	  46	   NaN	 0.1051636

	1	 	10	 	 600	  1	   NaN	 0.0132324

	1	 	10	 	 600	  6	   0.3125	 0.0260673

	1	 	10	 	 600	  11	   0.5263157894736842	 0.0363091

	1	 	10	 	 600	  16	   0.4444444444444444	 0.0555168

	1	 	10	 	 600	  21	   NaN	 0.0448226

	1	 	10	 	 600	  26	   0.4444444444444444	 0.0808403

	1	 	10	 	 600	  31	   0.5263157894736842	 0.0950149

	1	 	10	 	 600	  36	   0.375	 0.0752422

	1	 	10	 	 600	  41	   0.14285714285714288	 0.0857597

	1	 	10	 	 600	  46	   NaN	 0.0957524

	1	 	10	 	 800	  1	   NaN	 0.0143231

	1	 	10	 	 800	  6	   0.30303030303030304	 0.0267055

	1	 	10	 	 800	  11	   0.4444444444444444	 0.0329275

	1	 	10	 	 800	  16	   0.4444444444444444	 0.0505339

	1	 	10	 	 800	  21	   0.4444444444444444	 0.0591244

	1	 	10	 	 800	  26	   0.4444444444444444	 0.0716172

	1	 	10	 	 800	  31	   0.4444444444444444	 0.0733761

	1	 	10	 	 800	  36	   0.47058823529411764	 0.0946031

	1	 	10	 	 800	  41	   0.47058823529411764	 0.1054951

	1	 	10	 	 800	  46	   NaN	 0.1084594

	1	 	10	 	 1000	  1	   NaN	 0.0154597

	1	 	10	 	 1000	  6	   0.5555555555555556	 0.0285393

	1	 	10	 	 1000	  11	   0.47058823529411764	 0.035934

	1	 	10	 	 1000	  16	   NaN	 0.0533374

	1	 	10	 	 1000	  21	   NaN	 0.0647027

	1	 	10	 	 1000	  26	   0.47058823529411764	 0.0836249

	1	 	10	 	 1000	  31	   0.375	 0.0929455

	1	 	10	 	 1000	  36	   NaN	 0.0959379

	1	 	10	 	 1000	  41	   NaN	 0.1166741

	1	 	10	 	 1000	  46	   NaN	 0.1320672

	1	 	20	 	 0	  1	   NaN	 0.004799

	1	 	20	 	 0	  6	   0.4444444444444444	 0.0085166

	1	 	20	 	 0	  11	   NaN	 0.0129054

	1	 	20	 	 0	  16	   0.47058823529411764	 0.0185454

	1	 	20	 	 0	  21	   NaN	 0.0256575

	1	 	20	 	 0	  26	   0.14285714285714288	 0.0265062

	1	 	20	 	 0	  31	   0.14285714285714288	 0.0324192

	1	 	20	 	 0	  36	   0.47058823529411764	 0.0430617

	1	 	20	 	 0	  41	   0.47058823529411764	 0.0384796

	1	 	20	 	 0	  46	   0.14285714285714288	 0.048075

	1	 	20	 	 200	  1	   NaN	 0.0068799

	1	 	20	 	 200	  6	   0.14285714285714288	 0.0125455

	1	 	20	 	 200	  11	   NaN	 0.0158622

	1	 	20	 	 200	  16	   NaN	 0.0238742

	1	 	20	 	 200	  21	   NaN	 0.0265374

	1	 	20	 	 200	  26	   NaN	 0.0321863

	1	 	20	 	 200	  31	   NaN	 0.0376354

	1	 	20	 	 200	  36	   NaN	 0.0454493

	1	 	20	 	 200	  41	   NaN	 0.050532

	1	 	20	 	 200	  46	   NaN	 0.0577078

	1	 	20	 	 400	  1	   NaN	 0.0110079

	1	 	20	 	 400	  6	   NaN	 0.0174251

	1	 	20	 	 400	  11	   NaN	 0.0255765

	1	 	20	 	 400	  16	   NaN	 0.0321336

	1	 	20	 	 400	  21	   NaN	 0.0371614

	1	 	20	 	 400	  26	   NaN	 0.0441752

	1	 	20	 	 400	  31	   0.14285714285714288	 0.0514103

	1	 	20	 	 400	  36	   NaN	 0.066541

	1	 	20	 	 400	  41	   NaN	 0.0759086

	1	 	20	 	 400	  46	   NaN	 0.075329

	1	 	20	 	 600	  1	   NaN	 0.0122111

	1	 	20	 	 600	  6	   0.3125	 0.0219429

	1	 	20	 	 600	  11	   0.5263157894736842	 0.0315916

	1	 	20	 	 600	  16	   0.4444444444444444	 0.0435697

	1	 	20	 	 600	  21	   NaN	 0.0531439

	1	 	20	 	 600	  26	   0.4444444444444444	 0.0618232

	1	 	20	 	 600	  31	   0.5263157894736842	 0.0710609

	1	 	20	 	 600	  36	   0.4444444444444444	 0.0776875

	1	 	20	 	 600	  41	   0.14285714285714288	 0.081341

	1	 	20	 	 600	  46	   0.14285714285714288	 0.1200537

	1	 	20	 	 800	  1	   NaN	 0.0145287

	1	 	20	 	 800	  6	   0.30303030303030304	 0.0258018

	1	 	20	 	 800	  11	   0.4444444444444444	 0.036329

	1	 	20	 	 800	  16	   0.4444444444444444	 0.0514698

	1	 	20	 	 800	  21	   0.47058823529411764	 0.0567013

	1	 	20	 	 800	  26	   0.4444444444444444	 0.0665955

	1	 	20	 	 800	  31	   0.4444444444444444	 0.0780324

	1	 	20	 	 800	  36	   0.47058823529411764	 0.1099044

	1	 	20	 	 800	  41	   0.47058823529411764	 0.1018038

	1	 	20	 	 800	  46	   NaN	 0.1181487

	1	 	20	 	 1000	  1	   NaN	 0.015521

	1	 	20	 	 1000	  6	   0.5263157894736842	 0.0292835

	1	 	20	 	 1000	  11	   0.47058823529411764	 0.0374851

	1	 	20	 	 1000	  16	   NaN	 0.0622865

	1	 	20	 	 1000	  21	   NaN	 0.069357

	1	 	20	 	 1000	  26	   0.47058823529411764	 0.0912288

	1	 	20	 	 1000	  31	   NaN	 0.103473

	1	 	20	 	 1000	  36	   NaN	 0.1157085

	1	 	20	 	 1000	  41	   NaN	 0.1238849

	1	 	20	 	 1000	  46	   NaN	 0.1302107

	1	 	30	 	 0	  1	   NaN	 0.0049771

	1	 	30	 	 0	  6	   0.4444444444444444	 0.0087232

	1	 	30	 	 0	  11	   NaN	 0.0153882

	1	 	30	 	 0	  16	   0.47058823529411764	 0.0189529

	1	 	30	 	 0	  21	   NaN	 0.0216014

	1	 	30	 	 0	  26	   0.14285714285714288	 0.0253021

	1	 	30	 	 0	  31	   0.14285714285714288	 0.0321796

	1	 	30	 	 0	  36	   0.14285714285714288	 0.0342734

	1	 	30	 	 0	  41	   0.14285714285714288	 0.0389243

	1	 	30	 	 0	  46	   NaN	 0.045271

	1	 	30	 	 200	  1	   NaN	 0.0067015

	1	 	30	 	 200	  6	   0.14285714285714288	 0.0119961

	1	 	30	 	 200	  11	   NaN	 0.0211861

	1	 	30	 	 200	  16	   NaN	 0.0214367

	1	 	30	 	 200	  21	   NaN	 0.0288501

	1	 	30	 	 200	  26	   NaN	 0.0354077

	1	 	30	 	 200	  31	   NaN	 0.0400852

	1	 	30	 	 200	  36	   NaN	 0.0435595

	1	 	30	 	 200	  41	   NaN	 0.0604493

	1	 	30	 	 200	  46	   NaN	 0.0634033

	1	 	30	 	 400	  1	   NaN	 0.0097343

	1	 	30	 	 400	  6	   NaN	 0.0190725

	1	 	30	 	 400	  11	   NaN	 0.0224789

	1	 	30	 	 400	  16	   NaN	 0.0326783

	1	 	30	 	 400	  21	   NaN	 0.0402372

	1	 	30	 	 400	  26	   NaN	 0.049378

	1	 	30	 	 400	  31	   0.14285714285714288	 0.0527238

	1	 	30	 	 400	  36	   NaN	 0.0639021

	1	 	30	 	 400	  41	   NaN	 0.0720984

	1	 	30	 	 400	  46	   NaN	 0.0830343

	1	 	30	 	 600	  1	   NaN	 0.0127036

	1	 	30	 	 600	  6	   0.3125	 0.020111

	1	 	30	 	 600	  11	   0.5263157894736842	 0.0385468

	1	 	30	 	 600	  16	   0.4444444444444444	 0.0411527

	1	 	30	 	 600	  21	   NaN	 0.0555439

	1	 	30	 	 600	  26	   0.4444444444444444	 0.0629114

	1	 	30	 	 600	  31	   0.5263157894736842	 0.069865

	1	 	30	 	 600	  36	   0.4444444444444444	 0.0791519

	1	 	30	 	 600	  41	   0.14285714285714288	 0.0828283

	1	 	30	 	 600	  46	   0.14285714285714288	 0.093838

	1	 	30	 	 800	  1	   NaN	 0.013367

	1	 	30	 	 800	  6	   0.30303030303030304	 0.0256761

	1	 	30	 	 800	  11	   0.4444444444444444	 0.0295564

	1	 	30	 	 800	  16	   0.4444444444444444	 0.0471982

	1	 	30	 	 800	  21	   0.47058823529411764	 0.0566829

	1	 	30	 	 800	  26	   0.4444444444444444	 0.0703067

	1	 	30	 	 800	  31	   0.4444444444444444	 0.0774979

	1	 	30	 	 800	  36	   0.47058823529411764	 0.0996337

	1	 	30	 	 800	  41	   0.47058823529411764	 0.1067738

	1	 	30	 	 800	  46	   NaN	 0.1177401

	1	 	30	 	 1000	  1	   NaN	 0.0156245

	1	 	30	 	 1000	  6	   0.5263157894736842	 0.0280747

	1	 	30	 	 1000	  11	   0.47058823529411764	 0.037612

	1	 	30	 	 1000	  16	   NaN	 0.055054

	1	 	30	 	 1000	  21	   NaN	 0.0651432

	1	 	30	 	 1000	  26	   0.47058823529411764	 0.0823457

	1	 	30	 	 1000	  31	   NaN	 0.0913188

	1	 	30	 	 1000	  36	   NaN	 0.1021465

	1	 	30	 	 1000	  41	   NaN	 0.1203212

	1	 	30	 	 1000	  46	   NaN	 0.1341371

	1	 	40	 	 0	  1	   NaN	 0.004636

	1	 	40	 	 0	  6	   0.4444444444444444	 0.0081437

	1	 	40	 	 0	  11	   NaN	 0.0130372

	1	 	40	 	 0	  16	   0.47058823529411764	 0.0196062

	1	 	40	 	 0	  21	   NaN	 0.0232774

	1	 	40	 	 0	  26	   0.14285714285714288	 0.0279429

	1	 	40	 	 0	  31	   0.14285714285714288	 0.0330792

	1	 	40	 	 0	  36	   0.14285714285714288	 0.0344191

	1	 	40	 	 0	  41	   0.14285714285714288	 0.0405562

	1	 	40	 	 0	  46	   NaN	 0.0441238

	1	 	40	 	 200	  1	   NaN	 0.0066351

	1	 	40	 	 200	  6	   0.14285714285714288	 0.0120331

	1	 	40	 	 200	  11	   NaN	 0.0161908

	1	 	40	 	 200	  16	   NaN	 0.0237502

	1	 	40	 	 200	  21	   NaN	 0.0336116

	1	 	40	 	 200	  26	   NaN	 0.0353294

	1	 	40	 	 200	  31	   NaN	 0.0414919

	1	 	40	 	 200	  36	   NaN	 0.0462273

	1	 	40	 	 200	  41	   NaN	 0.0509804

	1	 	40	 	 200	  46	   NaN	 0.0579174

	1	 	40	 	 400	  1	   NaN	 0.0107048

	1	 	40	 	 400	  6	   NaN	 0.0172068

	1	 	40	 	 400	  11	   NaN	 0.0272523

	1	 	40	 	 400	  16	   NaN	 0.0339692

	1	 	40	 	 400	  21	   NaN	 0.037008

	1	 	40	 	 400	  26	   NaN	 0.0494535

	1	 	40	 	 400	  31	   0.14285714285714288	 0.0544988

	1	 	40	 	 400	  36	   NaN	 0.0598944

	1	 	40	 	 400	  41	   NaN	 0.062607

	1	 	40	 	 400	  46	   NaN	 0.073672

	1	 	40	 	 600	  1	   NaN	 0.0114262

	1	 	40	 	 600	  6	   0.3125	 0.0198061

	1	 	40	 	 600	  11	   0.5263157894736842	 0.0287713

	1	 	40	 	 600	  16	   0.4444444444444444	 0.0416283

	1	 	40	 	 600	  21	   NaN	 0.0461268

	1	 	40	 	 600	  26	   0.4444444444444444	 0.0589956

	1	 	40	 	 600	  31	   0.5263157894736842	 0.0673698

	1	 	40	 	 600	  36	   0.4444444444444444	 0.0751194

	1	 	40	 	 600	  41	   0.14285714285714288	 0.0814024

	1	 	40	 	 600	  46	   0.14285714285714288	 0.0928777

	1	 	40	 	 800	  1	   NaN	 0.0140452

	1	 	40	 	 800	  6	   0.30303030303030304	 0.0246814

	1	 	40	 	 800	  11	   0.4444444444444444	 0.0337157

	1	 	40	 	 800	  16	   0.4444444444444444	 0.0481253

	1	 	40	 	 800	  21	   0.47058823529411764	 0.0596125

	1	 	40	 	 800	  26	   0.4444444444444444	 0.0728074

	1	 	40	 	 800	  31	   0.4444444444444444	 0.0754802

	1	 	40	 	 800	  36	   0.47058823529411764	 0.0849559

	1	 	40	 	 800	  41	   0.47058823529411764	 0.1006103

	1	 	40	 	 800	  46	   NaN	 0.116349

	1	 	40	 	 1000	  1	   NaN	 0.014922

	1	 	40	 	 1000	  6	   0.5263157894736842	 0.0276665

	1	 	40	 	 1000	  11	   0.47058823529411764	 0.0351482

	1	 	40	 	 1000	  16	   NaN	 0.0593066

	1	 	40	 	 1000	  21	   NaN	 0.061942

	1	 	40	 	 1000	  26	   0.47058823529411764	 0.0831876

	1	 	40	 	 1000	  31	   NaN	 0.0908404

	1	 	40	 	 1000	  36	   NaN	 0.1008134

	1	 	40	 	 1000	  41	   NaN	 0.115617

	1	 	40	 	 1000	  46	   NaN	 0.1319353

	1	 	50	 	 0	  1	   NaN	 0.0055839

	1	 	50	 	 0	  6	   0.4444444444444444	 0.0087078

	1	 	50	 	 0	  11	   NaN	 0.0145152

	1	 	50	 	 0	  16	   0.47058823529411764	 0.019443

	1	 	50	 	 0	  21	   NaN	 0.0218382

	1	 	50	 	 0	  26	   0.14285714285714288	 0.0278195

	1	 	50	 	 0	  31	   0.14285714285714288	 0.0334885

	1	 	50	 	 0	  36	   0.14285714285714288	 0.0339718

	1	 	50	 	 0	  41	   0.14285714285714288	 0.0397946

	1	 	50	 	 0	  46	   NaN	 0.0445512

	1	 	50	 	 200	  1	   NaN	 0.0066507

	1	 	50	 	 200	  6	   0.14285714285714288	 0.0116919

	1	 	50	 	 200	  11	   NaN	 0.0163903

	1	 	50	 	 200	  16	   NaN	 0.0231603

	1	 	50	 	 200	  21	   NaN	 0.0293304

	1	 	50	 	 200	  26	   NaN	 0.0346668

	1	 	50	 	 200	  31	   NaN	 0.0422833

	1	 	50	 	 200	  36	   NaN	 0.0456973

	1	 	50	 	 200	  41	   NaN	 0.0533569

	1	 	50	 	 200	  46	   NaN	 0.0570541

	1	 	50	 	 400	  1	   NaN	 0.0096107

	1	 	50	 	 400	  6	   NaN	 0.017324

	1	 	50	 	 400	  11	   NaN	 0.0223866

	1	 	50	 	 400	  16	   NaN	 0.0330198

	1	 	50	 	 400	  21	   NaN	 0.0383548

	1	 	50	 	 400	  26	   NaN	 0.0479665

	1	 	50	 	 400	  31	   0.14285714285714288	 0.0527514

	1	 	50	 	 400	  36	   NaN	 0.0631016

	1	 	50	 	 400	  41	   NaN	 0.061792

	1	 	50	 	 400	  46	   NaN	 0.0722224

	1	 	50	 	 600	  1	   NaN	 0.0113068

	1	 	50	 	 600	  6	   0.3125	 0.0185417

	1	 	50	 	 600	  11	   0.5263157894736842	 0.028306

	1	 	50	 	 600	  16	   0.4444444444444444	 0.0381237

	1	 	50	 	 600	  21	   NaN	 0.0456784

	1	 	50	 	 600	  26	   0.4444444444444444	 0.0573076

	1	 	50	 	 600	  31	   0.5263157894736842	 0.066359

	1	 	50	 	 600	  36	   0.4444444444444444	 0.0768901

	1	 	50	 	 600	  41	   0.14285714285714288	 0.0804869

	1	 	50	 	 600	  46	   0.14285714285714288	 0.0928097

	1	 	50	 	 800	  1	   NaN	 0.0136894

	1	 	50	 	 800	  6	   0.30303030303030304	 0.0220675

	1	 	50	 	 800	  11	   0.4444444444444444	 0.0304438

	1	 	50	 	 800	  16	   0.4444444444444444	 0.0446109

	1	 	50	 	 800	  21	   0.47058823529411764	 0.0511404

	1	 	50	 	 800	  26	   0.4444444444444444	 0.0631823

	1	 	50	 	 800	  31	   0.4444444444444444	 0.0762814

	1	 	50	 	 800	  36	   0.47058823529411764	 0.0831994

	1	 	50	 	 800	  41	   0.47058823529411764	 0.0914376

	1	 	50	 	 800	  46	   NaN	 0.1112097

	1	 	50	 	 1000	  1	   NaN	 0.0139747

	1	 	50	 	 1000	  6	   0.5263157894736842	 0.0261593

	1	 	50	 	 1000	  11	   0.47058823529411764	 0.031773

	1	 	50	 	 1000	  16	   NaN	 0.0491723

	1	 	50	 	 1000	  21	   NaN	 0.058269

	1	 	50	 	 1000	  26	   0.47058823529411764	 0.0817789

	1	 	50	 	 1000	  31	   NaN	 0.0876033

	1	 	50	 	 1000	  36	   NaN	 0.0973362

	1	 	50	 	 1000	  41	   NaN	 0.1087917

	1	 	50	 	 1000	  46	   NaN	 0.1292162

	1	 	60	 	 0	  1	   NaN	 0.0039996

	1	 	60	 	 0	  6	   0.4444444444444444	 0.0067299

	1	 	60	 	 0	  11	   NaN	 0.0116678

	1	 	60	 	 0	  16	   0.47058823529411764	 0.0179825

	1	 	60	 	 0	  21	   NaN	 0.0243436

	1	 	60	 	 0	  26	   0.14285714285714288	 0.0273029

	1	 	60	 	 0	  31	   0.14285714285714288	 0.0297444

	1	 	60	 	 0	  36	   0.14285714285714288	 0.0330575

	1	 	60	 	 0	  41	   0.14285714285714288	 0.0376898

	1	 	60	 	 0	  46	   NaN	 0.0409904

	1	 	60	 	 200	  1	   NaN	 0.0063031

	1	 	60	 	 200	  6	   0.14285714285714288	 0.0119535

	1	 	60	 	 200	  11	   NaN	 0.0144908

	1	 	60	 	 200	  16	   NaN	 0.0212151

	1	 	60	 	 200	  21	   NaN	 0.0260572

	1	 	60	 	 200	  26	   NaN	 0.0334337

	1	 	60	 	 200	  31	   NaN	 0.034207

	1	 	60	 	 200	  36	   NaN	 0.0396199

	1	 	60	 	 200	  41	   NaN	 0.0485189

	1	 	60	 	 200	  46	   NaN	 0.0469777

	1	 	60	 	 400	  1	   NaN	 0.0087836

	1	 	60	 	 400	  6	   NaN	 0.0122236

	1	 	60	 	 400	  11	   NaN	 0.0191307

	1	 	60	 	 400	  16	   NaN	 0.0308818

	1	 	60	 	 400	  21	   NaN	 0.0331563

	1	 	60	 	 400	  26	   NaN	 0.0415039

	1	 	60	 	 400	  31	   0.14285714285714288	 0.045102

	1	 	60	 	 400	  36	   NaN	 0.0570501

	1	 	60	 	 400	  41	   NaN	 0.0615052

	1	 	60	 	 400	  46	   NaN	 0.0671135

	1	 	60	 	 600	  1	   NaN	 0.010205

	1	 	60	 	 600	  6	   0.3125	 0.0144323

	1	 	60	 	 600	  11	   0.5263157894736842	 0.024031

	1	 	60	 	 600	  16	   0.4444444444444444	 0.0354275

	1	 	60	 	 600	  21	   NaN	 0.0462219

	1	 	60	 	 600	  26	   0.4444444444444444	 0.0538767

	1	 	60	 	 600	  31	   0.5263157894736842	 0.0592393

	1	 	60	 	 600	  36	   0.4444444444444444	 0.0687759

	1	 	60	 	 600	  41	   0.14285714285714288	 0.0798897

	1	 	60	 	 600	  46	   0.14285714285714288	 0.0860646

	1	 	60	 	 800	  1	   NaN	 0.0128412

	1	 	60	 	 800	  6	   0.30303030303030304	 0.0219792

	1	 	60	 	 800	  11	   0.4444444444444444	 0.0302834

	1	 	60	 	 800	  16	   0.4444444444444444	 0.0457135

	1	 	60	 	 800	  21	   0.47058823529411764	 0.0502654

	1	 	60	 	 800	  26	   0.4444444444444444	 0.0625708

	1	 	60	 	 800	  31	   0.4444444444444444	 0.0771345

	1	 	60	 	 800	  36	   0.47058823529411764	 0.083034

	1	 	60	 	 800	  41	   0.47058823529411764	 0.0953623

	1	 	60	 	 800	  46	   NaN	 0.1047819

	1	 	60	 	 1000	  1	   NaN	 0.0143503

	1	 	60	 	 1000	  6	   0.5263157894736842	 0.0289551

	1	 	60	 	 1000	  11	   0.47058823529411764	 0.0342358

	1	 	60	 	 1000	  16	   NaN	 0.0514849

	1	 	60	 	 1000	  21	   NaN	 0.0613021

	1	 	60	 	 1000	  26	   0.47058823529411764	 0.074983

	1	 	60	 	 1000	  31	   NaN	 0.0858223

	1	 	60	 	 1000	  36	   NaN	 0.0990826

	1	 	60	 	 1000	  41	   NaN	 0.1118231

	1	 	60	 	 1000	  46	   NaN	 0.1240178

	6	 	10	 	 0	  1	   NaN	 0.0046778

	6	 	10	 	 0	  6	   0.0	 0.0078504

	6	 	10	 	 0	  11	   NaN	 0.0135209

	6	 	10	 	 0	  16	   NaN	 0.0184671

	6	 	10	 	 0	  21	   0.5555555555555556	 0.0228802

	6	 	10	 	 0	  26	   0.5555555555555556	 0.0277622

	6	 	10	 	 0	  31	   0.14285714285714288	 0.0318907

	6	 	10	 	 0	  36	   0.14285714285714288	 0.0358243

	6	 	10	 	 0	  41	   0.14285714285714288	 0.0380794

	6	 	10	 	 0	  46	   0.14285714285714288	 0.0418049

	6	 	10	 	 200	  1	   0.13793103448275862	 0.0286491

	6	 	10	 	 200	  6	   0.4545454545454546	 0.0414886

	6	 	10	 	 200	  11	   0.5555555555555556	 0.0502384

	6	 	10	 	 200	  16	   0.5555555555555556	 0.0844795

	6	 	10	 	 200	  21	   0.5263157894736842	 0.1029533

	6	 	10	 	 200	  26	   0.5263157894736842	 0.1353436

	6	 	10	 	 200	  31	   0.5263157894736842	 0.1505646

	6	 	10	 	 200	  36	   0.5555555555555556	 0.159929

	6	 	10	 	 200	  41	   0.5555555555555556	 0.1922172

	6	 	10	 	 200	  46	   0.5555555555555556	 0.2001275

	6	 	10	 	 400	  1	   0.5263157894736842	 0.052401

	6	 	10	 	 400	  6	   0.5263157894736842	 0.0737613

	6	 	10	 	 400	  11	   0.5263157894736842	 0.0863435

	6	 	10	 	 400	  16	   0.5263157894736842	 0.1530066

	6	 	10	 	 400	  21	   0.5263157894736842	 0.1739101

	6	 	10	 	 400	  26	   0.5263157894736842	 0.2345933

	6	 	10	 	 400	  31	   0.5263157894736842	 0.2605271

	6	 	10	 	 400	  36	   0.5263157894736842	 0.2896726

	6	 	10	 	 400	  41	   0.5263157894736842	 0.3519052

	6	 	10	 	 400	  46	   0.5555555555555556	 0.3772259

	6	 	10	 	 600	  1	   0.5263157894736842	 0.0775827

	6	 	10	 	 600	  6	   0.5555555555555556	 0.0909406

	6	 	10	 	 600	  11	   0.5555555555555556	 0.1304017

	6	 	10	 	 600	  16	   0.41666666666666663	 0.2186262

	6	 	10	 	 600	  21	   0.5555555555555556	 0.2499555

	6	 	10	 	 600	  26	   0.5555555555555556	 0.3341246

	6	 	10	 	 600	  31	   0.5555555555555556	 0.3883243

	6	 	10	 	 600	  36	   0.5555555555555556	 0.4590454

	6	 	10	 	 600	  41	   0.5555555555555556	 0.5493282

	6	 	10	 	 600	  46	   0.5555555555555556	 0.6055731

	6	 	10	 	 800	  1	   0.5555555555555556	 0.1031099

	6	 	10	 	 800	  6	   0.5263157894736842	 0.1169869

	6	 	10	 	 800	  11	   0.5555555555555556	 0.185529

	6	 	10	 	 800	  16	   0.5555555555555556	 0.3152888

	6	 	10	 	 800	  21	   0.5555555555555556	 0.3691262

	6	 	10	 	 800	  26	   0.5555555555555556	 0.4852516

	6	 	10	 	 800	  31	   0.5555555555555556	 0.5621826

	6	 	10	 	 800	  36	   0.5555555555555556	 0.6388032

	6	 	10	 	 800	  41	   0.5555555555555556	 0.7081364

	6	 	10	 	 800	  46	   0.5555555555555556	 0.7575737

	6	 	10	 	 1000	  1	   0.5263157894736842	 0.1200904

	6	 	10	 	 1000	  6	   0.5263157894736842	 0.1474657

	6	 	10	 	 1000	  11	   0.5263157894736842	 0.230317

	6	 	10	 	 1000	  16	   0.5263157894736842	 0.4057681

	6	 	10	 	 1000	  21	   0.5263157894736842	 0.4540525

	6	 	10	 	 1000	  26	   0.5263157894736842	 0.6041962

	6	 	10	 	 1000	  31	   0.5263157894736842	 0.6528556

	6	 	10	 	 1000	  36	   0.5263157894736842	 0.7394899

	6	 	10	 	 1000	  41	   0.5555555555555556	 0.9224203

	6	 	10	 	 1000	  46	   0.5555555555555556	 0.9534009

	6	 	20	 	 0	  1	   NaN	 0.0075984

	6	 	20	 	 0	  6	   NaN	 0.0156041

	6	 	20	 	 0	  11	   0.47058823529411764	 0.0206577

	6	 	20	 	 0	  16	   NaN	 0.0282577

	6	 	20	 	 0	  21	   0.5555555555555556	 0.0377122

	6	 	20	 	 0	  26	   0.5555555555555556	 0.0462774

	6	 	20	 	 0	  31	   0.5555555555555556	 0.054248

	6	 	20	 	 0	  36	   0.47058823529411764	 0.065951

	6	 	20	 	 0	  41	   0.47058823529411764	 0.0684507

	6	 	20	 	 0	  46	   0.47058823529411764	 0.0850535

	6	 	20	 	 200	  1	   0.13559322033898305	 0.0399934

	6	 	20	 	 200	  6	   0.5	 0.0637162

	6	 	20	 	 200	  11	   0.4	 0.0770021

	6	 	20	 	 200	  16	   0.5263157894736842	 0.1329371

	6	 	20	 	 200	  21	   0.5	 0.1730174

	6	 	20	 	 200	  26	   0.5263157894736842	 0.2341272

	6	 	20	 	 200	  31	   0.5263157894736842	 0.2550899

	6	 	20	 	 200	  36	   0.5263157894736842	 0.3024122

	6	 	20	 	 200	  41	   0.5263157894736842	 0.3248437

	6	 	20	 	 200	  46	   0.5263157894736842	 0.3456604

	6	 	20	 	 400	  1	   0.4347826086956522	 0.0838806

	6	 	20	 	 400	  6	   0.5555555555555556	 0.127398

	6	 	20	 	 400	  11	   0.5555555555555556	 0.1788549

	6	 	20	 	 400	  16	   0.5555555555555556	 0.2738557

	6	 	20	 	 400	  21	   0.5555555555555556	 0.2905623

	6	 	20	 	 400	  26	   0.5555555555555556	 0.3726577

	6	 	20	 	 400	  31	   0.5555555555555556	 0.4089866

	6	 	20	 	 400	  36	   0.5555555555555556	 0.4758047

	6	 	20	 	 400	  41	   0.5555555555555556	 0.5675051

	6	 	20	 	 400	  46	   0.5555555555555556	 0.5890114

	6	 	20	 	 600	  1	   0.631578947368421	 0.0940633

	6	 	20	 	 600	  6	   0.5263157894736842	 0.1437445

	6	 	20	 	 600	  11	   0.5714285714285714	 0.2006764

	6	 	20	 	 600	  16	   0.6	 0.3311658

	6	 	20	 	 600	  21	   0.5555555555555556	 0.395506

	6	 	20	 	 600	  26	   0.5555555555555556	 0.5343589

	6	 	20	 	 600	  31	   0.5263157894736842	 0.5790667

	6	 	20	 	 600	  36	   0.5555555555555556	 0.6602538

	6	 	20	 	 600	  41	   0.5263157894736842	 0.7534643

	6	 	20	 	 600	  46	   0.5263157894736842	 0.8530591

	6	 	20	 	 800	  1	   0.6	 0.1394685

	6	 	20	 	 800	  6	   0.5263157894736842	 0.2342392

	6	 	20	 	 800	  11	   0.5263157894736842	 0.2814246

	6	 	20	 	 800	  16	   0.5263157894736842	 0.4948168

	6	 	20	 	 800	  21	   0.5555555555555556	 0.5705336

	6	 	20	 	 800	  26	   0.5555555555555556	 0.7387008

	6	 	20	 	 800	  31	   0.5263157894736842	 0.8503302

	6	 	20	 	 800	  36	   0.5555555555555556	 0.9708253

	6	 	20	 	 800	  41	   0.5555555555555556	 1.0572983

	6	 	20	 	 800	  46	   0.5555555555555556	 1.1721329

	6	 	20	 	 1000	  1	   0.6	 0.1412212

	6	 	20	 	 1000	  6	   0.5263157894736842	 0.241207

	6	 	20	 	 1000	  11	   0.5555555555555556	 0.3351468

	6	 	20	 	 1000	  16	   0.6	 0.5441677

	6	 	20	 	 1000	  21	   0.5555555555555556	 0.6521013

	6	 	20	 	 1000	  26	   0.5555555555555556	 0.8287543

	6	 	20	 	 1000	  31	   0.5555555555555556	 0.9279489

	6	 	20	 	 1000	  36	   0.5555555555555556	 1.0686758

	6	 	20	 	 1000	  41	   0.5555555555555556	 1.2888843

	6	 	20	 	 1000	  46	   0.5555555555555556	 1.3439375

	6	 	30	 	 0	  1	   NaN	 0.0101794

	6	 	30	 	 0	  6	   0.47058823529411764	 0.0205186

	6	 	30	 	 0	  11	   0.5555555555555556	 0.0313456

	6	 	30	 	 0	  16	   0.47058823529411764	 0.0415626

	6	 	30	 	 0	  21	   0.5555555555555556	 0.0498857

	6	 	30	 	 0	  26	   0.5555555555555556	 0.0678947

	6	 	30	 	 0	  31	   0.5555555555555556	 0.0811644

	6	 	30	 	 0	  36	   0.5555555555555556	 0.0830335

	6	 	30	 	 0	  41	   0.5555555555555556	 0.0975773

	6	 	30	 	 0	  46	   0.5555555555555556	 0.1101019

	6	 	30	 	 200	  1	   0.5555555555555556	 0.0443684

	6	 	30	 	 200	  6	   0.5555555555555556	 0.052946

	6	 	30	 	 200	  11	   0.5555555555555556	 0.092995

	6	 	30	 	 200	  16	   0.5555555555555556	 0.1527439

	6	 	30	 	 200	  21	   0.5555555555555556	 0.1779465

	6	 	30	 	 200	  26	   0.5555555555555556	 0.2298357

	6	 	30	 	 200	  31	   0.5555555555555556	 0.2603987

	6	 	30	 	 200	  36	   0.5555555555555556	 0.3009837

	6	 	30	 	 200	  41	   0.5555555555555556	 0.3470045

	6	 	30	 	 200	  46	   0.5555555555555556	 0.3667446

	6	 	30	 	 400	  1	   0.25	 0.0815967

	6	 	30	 	 400	  6	   0.5555555555555556	 0.1164441

	6	 	30	 	 400	  11	   0.41666666666666663	 0.1643214

	6	 	30	 	 400	  16	   0.41666666666666663	 0.2545652

	6	 	30	 	 400	  21	   0.5555555555555556	 0.3036463

	6	 	30	 	 400	  26	   0.41666666666666663	 0.4100163

	6	 	30	 	 400	  31	   0.5555555555555556	 0.4658726

	6	 	30	 	 400	  36	   0.5555555555555556	 0.5036595

	6	 	30	 	 400	  41	   0.5555555555555556	 0.5820599

	6	 	30	 	 400	  46	   0.5555555555555556	 0.6357441

	6	 	30	 	 600	  1	   0.631578947368421	 0.0960956

	6	 	30	 	 600	  6	   0.5555555555555556	 0.1413552

	6	 	30	 	 600	  11	   0.5555555555555556	 0.2156682

	6	 	30	 	 600	  16	   0.5555555555555556	 0.3771481

	6	 	30	 	 600	  21	   0.5555555555555556	 0.4102242

	6	 	30	 	 600	  26	   0.5555555555555556	 0.5352004

	6	 	30	 	 600	  31	   0.5555555555555556	 0.6171001

	6	 	30	 	 600	  36	   0.5555555555555556	 0.7164322

	6	 	30	 	 600	  41	   0.5555555555555556	 0.8224139

	6	 	30	 	 600	  46	   0.5555555555555556	 0.9027817

	6	 	30	 	 800	  1	   0.6	 0.1138637

	6	 	30	 	 800	  6	   0.5555555555555556	 0.229892

	6	 	30	 	 800	  11	   0.5555555555555556	 0.2982616

	6	 	30	 	 800	  16	   0.5555555555555556	 0.4501431

	6	 	30	 	 800	  21	   0.5555555555555556	 0.5200409

	6	 	30	 	 800	  26	   0.5555555555555556	 0.7007015

	6	 	30	 	 800	  31	   0.5555555555555556	 0.7863428

	6	 	30	 	 800	  36	   0.5555555555555556	 0.9721931

	6	 	30	 	 800	  41	   0.5555555555555556	 1.0889121

	6	 	30	 	 800	  46	   0.5555555555555556	 1.1691595

	6	 	30	 	 1000	  1	   0.6	 0.1344972

	6	 	30	 	 1000	  6	   0.5263157894736842	 0.2469212

	6	 	30	 	 1000	  11	   0.5555555555555556	 0.3604774

	6	 	30	 	 1000	  16	   0.5263157894736842	 0.5702208

	6	 	30	 	 1000	  21	   0.5555555555555556	 0.6442979

	6	 	30	 	 1000	  26	   0.5263157894736842	 0.8478818

	6	 	30	 	 1000	  31	   0.5263157894736842	 0.9936909

	6	 	30	 	 1000	  36	   0.5555555555555556	 1.2317605

	6	 	30	 	 1000	  41	   0.5555555555555556	 1.3735182

	6	 	30	 	 1000	  46	   0.5555555555555556	 1.4303829

	6	 	40	 	 0	  1	   0.14285714285714288	 0.0112008

	6	 	40	 	 0	  6	   0.3529411764705882	 0.0203098

	6	 	40	 	 0	  11	   0.5263157894736842	 0.0340065

	6	 	40	 	 0	  16	   0.5263157894736842	 0.0487013

	6	 	40	 	 0	  21	   0.5263157894736842	 0.0663895

	6	 	40	 	 0	  26	   0.5263157894736842	 0.0913892

	6	 	40	 	 0	  31	   0.5263157894736842	 0.1017718

	6	 	40	 	 0	  36	   0.5263157894736842	 0.1141943

	6	 	40	 	 0	  41	   0.5263157894736842	 0.1443044

	6	 	40	 	 0	  46	   0.5555555555555556	 0.1330125

	6	 	40	 	 200	  1	   0.5555555555555556	 0.0459976

	6	 	40	 	 200	  6	   0.5555555555555556	 0.0594539

	6	 	40	 	 200	  11	   0.5555555555555556	 0.0900488

	6	 	40	 	 200	  16	   0.5555555555555556	 0.1667882

	6	 	40	 	 200	  21	   0.5555555555555556	 0.1795293

	6	 	40	 	 200	  26	   0.5555555555555556	 0.2401183

	6	 	40	 	 200	  31	   0.5555555555555556	 0.2699349

	6	 	40	 	 200	  36	   0.5555555555555556	 0.3074286

	6	 	40	 	 200	  41	   0.5555555555555556	 0.4261392

	6	 	40	 	 200	  46	   0.5555555555555556	 0.4167127

	6	 	40	 	 400	  1	   0.4347826086956522	 0.0868091

	6	 	40	 	 400	  6	   0.5555555555555556	 0.1340463

	6	 	40	 	 400	  11	   0.5555555555555556	 0.1805097

	6	 	40	 	 400	  16	   0.5555555555555556	 0.2917857

	6	 	40	 	 400	  21	   0.5555555555555556	 0.3264627

	6	 	40	 	 400	  26	   0.5555555555555556	 0.3981083

	6	 	40	 	 400	  31	   0.5555555555555556	 0.4356966

	6	 	40	 	 400	  36	   0.5555555555555556	 0.5210891

	6	 	40	 	 400	  41	   0.5555555555555556	 0.6206175

	6	 	40	 	 400	  46	   0.5555555555555556	 0.636911

	6	 	40	 	 600	  1	   0.631578947368421	 0.0954297

	6	 	40	 	 600	  6	   0.5555555555555556	 0.1597205

	6	 	40	 	 600	  11	   0.5555555555555556	 0.2253194

	6	 	40	 	 600	  16	   0.5555555555555556	 0.3716131

	6	 	40	 	 600	  21	   0.5555555555555556	 0.413546

	6	 	40	 	 600	  26	   0.5555555555555556	 0.5799977

	6	 	40	 	 600	  31	   0.5555555555555556	 0.6671961

	6	 	40	 	 600	  36	   0.5555555555555556	 0.7570226

	6	 	40	 	 600	  41	   0.5555555555555556	 0.819685

	6	 	40	 	 600	  46	   0.5555555555555556	 0.8866827

	6	 	40	 	 800	  1	   0.6	 0.1142699

	6	 	40	 	 800	  6	   0.5555555555555556	 0.2097495

	6	 	40	 	 800	  11	   0.5555555555555556	 0.2871999

	6	 	40	 	 800	  16	   0.5555555555555556	 0.4702216

	6	 	40	 	 800	  21	   0.5555555555555556	 0.5488608

	6	 	40	 	 800	  26	   0.5555555555555556	 0.7065756

	6	 	40	 	 800	  31	   0.5555555555555556	 0.8765686

	6	 	40	 	 800	  36	   0.5555555555555556	 0.9796852

	6	 	40	 	 800	  41	   0.5555555555555556	 1.05463

	6	 	40	 	 800	  46	   0.5555555555555556	 1.1529512

	6	 	40	 	 1000	  1	   0.6	 0.1377459

	6	 	40	 	 1000	  6	   0.5263157894736842	 0.2681648

	6	 	40	 	 1000	  11	   0.5555555555555556	 0.3848671

	6	 	40	 	 1000	  16	   0.5263157894736842	 0.5787926

	6	 	40	 	 1000	  21	   0.5555555555555556	 0.7288657

	6	 	40	 	 1000	  26	   0.5263157894736842	 0.9098519

	6	 	40	 	 1000	  31	   0.5263157894736842	 1.0025376

	6	 	40	 	 1000	  36	   0.5263157894736842	 1.224427

	6	 	40	 	 1000	  41	   0.5555555555555556	 1.3748694

	6	 	40	 	 1000	  46	   0.5555555555555556	 1.6727865

	6	 	50	 	 0	  1	   0.631578947368421	 0.0145958

	6	 	50	 	 0	  6	   0.33333333333333337	 0.0282799

	6	 	50	 	 0	  11	   0.4	 0.0399726

	6	 	50	 	 0	  16	   0.38461538461538464	 0.0621059

	6	 	50	 	 0	  21	   0.5263157894736842	 0.0834378

	6	 	50	 	 0	  26	   0.5263157894736842	 0.0983889

	6	 	50	 	 0	  31	   0.5263157894736842	 0.1082764

	6	 	50	 	 0	  36	   0.5263157894736842	 0.1313454

	6	 	50	 	 0	  41	   0.5555555555555556	 0.1390359

	6	 	50	 	 0	  46	   0.5555555555555556	 0.16066

	6	 	50	 	 200	  1	   0.5555555555555556	 0.0442971

	6	 	50	 	 200	  6	   0.5555555555555556	 0.0620316

	6	 	50	 	 200	  11	   0.5555555555555556	 0.0910062

	6	 	50	 	 200	  16	   0.5555555555555556	 0.151899

	6	 	50	 	 200	  21	   0.5555555555555556	 0.1749198

	6	 	50	 	 200	  26	   0.5555555555555556	 0.2336148

	6	 	50	 	 200	  31	   0.5555555555555556	 0.2661293

	6	 	50	 	 200	  36	   0.5555555555555556	 0.2987279

	6	 	50	 	 200	  41	   0.5555555555555556	 0.3677171

	6	 	50	 	 200	  46	   0.5555555555555556	 0.3762511

	6	 	50	 	 400	  1	   0.4347826086956522	 0.0831175

	6	 	50	 	 400	  6	   0.5555555555555556	 0.1379707

	6	 	50	 	 400	  11	   0.5555555555555556	 0.1617747

	6	 	50	 	 400	  16	   0.5555555555555556	 0.2722789

	6	 	50	 	 400	  21	   0.5555555555555556	 0.3094593

	6	 	50	 	 400	  26	   0.5555555555555556	 0.378247

	6	 	50	 	 400	  31	   0.5555555555555556	 0.4386838

	6	 	50	 	 400	  36	   0.5555555555555556	 0.5135315

	6	 	50	 	 400	  41	   0.5555555555555556	 0.6417797

	6	 	50	 	 400	  46	   0.5555555555555556	 0.6446208

	6	 	50	 	 600	  1	   0.631578947368421	 0.0951038

	6	 	50	 	 600	  6	   0.5555555555555556	 0.1523247

	6	 	50	 	 600	  11	   0.5555555555555556	 0.2162315

	6	 	50	 	 600	  16	   0.5555555555555556	 0.3595448

	6	 	50	 	 600	  21	   0.5555555555555556	 0.414638

	6	 	50	 	 600	  26	   0.5555555555555556	 0.5410685

	6	 	50	 	 600	  31	   0.5555555555555556	 0.6187607

	6	 	50	 	 600	  36	   0.5555555555555556	 0.7155971

	6	 	50	 	 600	  41	   0.5555555555555556	 0.7866959

	6	 	50	 	 600	  46	   0.5555555555555556	 0.9398864

	6	 	50	 	 800	  1	   0.6	 0.1290235

	6	 	50	 	 800	  6	   0.5555555555555556	 0.2337558

	6	 	50	 	 800	  11	   0.5555555555555556	 0.2929831

	6	 	50	 	 800	  16	   0.5555555555555556	 0.4526012

	6	 	50	 	 800	  21	   0.5555555555555556	 0.5510329

	6	 	50	 	 800	  26	   0.5555555555555556	 0.7276563

	6	 	50	 	 800	  31	   0.5555555555555556	 0.797026

	6	 	50	 	 800	  36	   0.5555555555555556	 0.954709

	6	 	50	 	 800	  41	   0.5555555555555556	 1.0737481

	6	 	50	 	 800	  46	   0.5555555555555556	 1.2597987

	6	 	50	 	 1000	  1	   0.6	 0.1396069

	6	 	50	 	 1000	  6	   0.5263157894736842	 0.2782405

	6	 	50	 	 1000	  11	   0.5555555555555556	 0.374124

	6	 	50	 	 1000	  16	   0.5263157894736842	 0.5603811

	6	 	50	 	 1000	  21	   0.5555555555555556	 0.6594052

	6	 	50	 	 1000	  26	   0.5263157894736842	 0.8545638

	6	 	50	 	 1000	  31	   0.5263157894736842	 0.998027

	6	 	50	 	 1000	  36	   0.5263157894736842	 1.2582925

	6	 	50	 	 1000	  41	   0.5555555555555556	 1.3509435

	6	 	50	 	 1000	  46	   0.5555555555555556	 1.4026968

	6	 	60	 	 0	  1	   0.631578947368421	 0.0148035

	6	 	60	 	 0	  6	   0.5263157894736842	 0.025277

	6	 	60	 	 0	  11	   0.4	 0.0399725

	6	 	60	 	 0	  16	   0.5263157894736842	 0.059814

	6	 	60	 	 0	  21	   0.5263157894736842	 0.0817046

	6	 	60	 	 0	  26	   0.5263157894736842	 0.1082985

	6	 	60	 	 0	  31	   0.5263157894736842	 0.1376521

	6	 	60	 	 0	  36	   0.5263157894736842	 0.1389371

	6	 	60	 	 0	  41	   0.5263157894736842	 0.1378011

	6	 	60	 	 0	  46	   0.5555555555555556	 0.164327

	6	 	60	 	 200	  1	   0.5555555555555556	 0.0438345

	6	 	60	 	 200	  6	   0.5555555555555556	 0.0617118

	6	 	60	 	 200	  11	   0.5555555555555556	 0.0925082

	6	 	60	 	 200	  16	   0.5555555555555556	 0.152805

	6	 	60	 	 200	  21	   0.5555555555555556	 0.1865725

	6	 	60	 	 200	  26	   0.5555555555555556	 0.2305536

	6	 	60	 	 200	  31	   0.5555555555555556	 0.2686304

	6	 	60	 	 200	  36	   0.5555555555555556	 0.3029795

	6	 	60	 	 200	  41	   0.5555555555555556	 0.3875235

	6	 	60	 	 200	  46	   0.5555555555555556	 0.4099456

	6	 	60	 	 400	  1	   0.4347826086956522	 0.0906226

	6	 	60	 	 400	  6	   0.5555555555555556	 0.1252966

	6	 	60	 	 400	  11	   0.5555555555555556	 0.1756212

	6	 	60	 	 400	  16	   0.5555555555555556	 0.262052

	6	 	60	 	 400	  21	   0.5555555555555556	 0.3032546

	6	 	60	 	 400	  26	   0.5555555555555556	 0.3813127

	6	 	60	 	 400	  31	   0.5555555555555556	 0.4344268

	6	 	60	 	 400	  36	   0.5555555555555556	 0.4964823

	6	 	60	 	 400	  41	   0.5555555555555556	 0.5691413

	6	 	60	 	 400	  46	   0.5555555555555556	 0.6184293

	6	 	60	 	 600	  1	   0.631578947368421	 0.0958259

	6	 	60	 	 600	  6	   0.5555555555555556	 0.1606413

	6	 	60	 	 600	  11	   0.5555555555555556	 0.2105689

	6	 	60	 	 600	  16	   0.5555555555555556	 0.3556897

	6	 	60	 	 600	  21	   0.5555555555555556	 0.4124743

	6	 	60	 	 600	  26	   0.5555555555555556	 0.5646685

	6	 	60	 	 600	  31	   0.5555555555555556	 0.6757188

	6	 	60	 	 600	  36	   0.5555555555555556	 0.7189469

	6	 	60	 	 600	  41	   0.5555555555555556	 0.8035906

	6	 	60	 	 600	  46	   0.5555555555555556	 0.8836014

	6	 	60	 	 800	  1	   0.6	 0.1141247

	6	 	60	 	 800	  6	   0.5555555555555556	 0.1921789

	6	 	60	 	 800	  11	   0.5555555555555556	 0.2894833

	6	 	60	 	 800	  16	   0.5555555555555556	 0.4530696

	6	 	60	 	 800	  21	   0.5555555555555556	 0.5406103

	6	 	60	 	 800	  26	   0.5555555555555556	 0.6991094

	6	 	60	 	 800	  31	   0.5555555555555556	 0.8734537

	6	 	60	 	 800	  36	   0.5555555555555556	 0.9537763

	6	 	60	 	 800	  41	   0.5555555555555556	 1.0328606

	6	 	60	 	 800	  46	   0.5555555555555556	 1.1618738

	6	 	60	 	 1000	  1	   0.6	 0.1391995

	6	 	60	 	 1000	  6	   0.5263157894736842	 0.2567536

	6	 	60	 	 1000	  11	   0.5555555555555556	 0.3685252

	6	 	60	 	 1000	  16	   0.5263157894736842	 0.5684728

	6	 	60	 	 1000	  21	   0.5555555555555556	 0.6591711

	6	 	60	 	 1000	  26	   0.5263157894736842	 0.9492449

	6	 	60	 	 1000	  31	   0.5263157894736842	 0.9899074

	6	 	60	 	 1000	  36	   0.5263157894736842	 1.2235848

	6	 	60	 	 1000	  41	   0.5555555555555556	 1.3000222

	6	 	60	 	 1000	  46	   0.5555555555555556	 1.3965739

	11	 	10	 	 0	  1	   0.631578947368421	 0.007065

	11	 	10	 	 0	  6	   0.5555555555555556	 0.012426

	11	 	10	 	 0	  11	   0.5555555555555556	 0.0195332

	11	 	10	 	 0	  16	   0.5555555555555556	 0.0240962

	11	 	10	 	 0	  21	   0.47058823529411764	 0.0348313

	11	 	10	 	 0	  26	   0.47058823529411764	 0.0419037

	11	 	10	 	 0	  31	   0.47058823529411764	 0.0445728

	11	 	10	 	 0	  36	   0.5555555555555556	 0.0502208

	11	 	10	 	 0	  41	   0.47058823529411764	 0.0593011

	11	 	10	 	 0	  46	   0.47058823529411764	 0.0632605

	11	 	10	 	 200	  1	   0.14285714285714288	 0.0671319

	11	 	10	 	 200	  6	   0.5263157894736842	 0.091084

	11	 	10	 	 200	  11	   0.5263157894736842	 0.1037776

	11	 	10	 	 200	  16	   0.5555555555555556	 0.1767673

	11	 	10	 	 200	  21	   0.5555555555555556	 0.1929906

	11	 	10	 	 200	  26	   0.5263157894736842	 0.2644344

	11	 	10	 	 200	  31	   0.5263157894736842	 0.2892378

	11	 	10	 	 200	  36	   0.5263157894736842	 0.3308013

	11	 	10	 	 200	  41	   0.5555555555555556	 0.379424

	11	 	10	 	 200	  46	   0.5555555555555556	 0.4388251

	11	 	10	 	 400	  1	   NaN	 0.0995395

	11	 	10	 	 400	  6	   0.5555555555555556	 0.1270852

	11	 	10	 	 400	  11	   0.5555555555555556	 0.1814368

	11	 	10	 	 400	  16	   0.5555555555555556	 0.3180193

	11	 	10	 	 400	  21	   0.5263157894736842	 0.3542497

	11	 	10	 	 400	  26	   0.5263157894736842	 0.4816684

	11	 	10	 	 400	  31	   0.5555555555555556	 0.5233689

	11	 	10	 	 400	  36	   0.5555555555555556	 0.5918849

	11	 	10	 	 400	  41	   0.5555555555555556	 0.7698024

	11	 	10	 	 400	  46	   0.5555555555555556	 0.7896343

	11	 	10	 	 600	  1	   NaN	 0.1464821

	11	 	10	 	 600	  6	   0.5263157894736842	 0.1791533

	11	 	10	 	 600	  11	   0.5555555555555556	 0.2654955

	11	 	10	 	 600	  16	   0.5555555555555556	 0.4419172

	11	 	10	 	 600	  21	   0.5555555555555556	 0.5164574

	11	 	10	 	 600	  26	   0.5555555555555556	 0.6860185

	11	 	10	 	 600	  31	   0.5555555555555556	 0.7490001

	11	 	10	 	 600	  36	   0.5555555555555556	 0.8413431

	11	 	10	 	 600	  41	   0.5555555555555556	 1.0634704

	11	 	10	 	 600	  46	   0.5555555555555556	 1.1619339

	11	 	10	 	 800	  1	   NaN	 0.185505

	11	 	10	 	 800	  6	   0.5263157894736842	 0.2391007

	11	 	10	 	 800	  11	   0.5555555555555556	 0.3435431

	11	 	10	 	 800	  16	   0.5555555555555556	 0.5737954

	11	 	10	 	 800	  21	   0.5555555555555556	 0.6624567

	11	 	10	 	 800	  26	   0.5555555555555556	 0.8978069

	11	 	10	 	 800	  31	   0.5555555555555556	 0.9851063

	11	 	10	 	 800	  36	   0.5555555555555556	 1.1690343

	11	 	10	 	 800	  41	   0.5555555555555556	 1.3682912

	11	 	10	 	 800	  46	   0.5555555555555556	 1.4166305

	11	 	10	 	 1000	  1	   NaN	 0.2325844

	11	 	10	 	 1000	  6	   0.5555555555555556	 0.2983464

	11	 	10	 	 1000	  11	   0.5555555555555556	 0.4325622

	11	 	10	 	 1000	  16	   0.5555555555555556	 0.7154777

	11	 	10	 	 1000	  21	   0.5555555555555556	 0.8265369

	11	 	10	 	 1000	  26	   0.5555555555555556	 1.2121012

	11	 	10	 	 1000	  31	   0.5555555555555556	 1.2428152

	11	 	10	 	 1000	  36	   0.5555555555555556	 1.3742014

	11	 	10	 	 1000	  41	   0.5555555555555556	 1.6338608

	11	 	10	 	 1000	  46	   0.5555555555555556	 1.8706064

	11	 	20	 	 0	  1	   0.631578947368421	 0.0130157

	11	 	20	 	 0	  6	   0.4444444444444444	 0.0207725

	11	 	20	 	 0	  11	   0.47058823529411764	 0.0270407

	11	 	20	 	 0	  16	   0.47058823529411764	 0.0374377

	11	 	20	 	 0	  21	   0.5555555555555556	 0.0501619

	11	 	20	 	 0	  26	   0.5555555555555556	 0.0639159

	11	 	20	 	 0	  31	   0.5555555555555556	 0.0757057

	11	 	20	 	 0	  36	   0.5555555555555556	 0.0826878

	11	 	20	 	 0	  41	   0.5555555555555556	 0.1019648

	11	 	20	 	 0	  46	   0.5555555555555556	 0.1133462

	11	 	20	 	 200	  1	   0.4761904761904762	 0.0816884

	11	 	20	 	 200	  6	   0.5555555555555556	 0.1067921

	11	 	20	 	 200	  11	   0.5555555555555556	 0.1504493

	11	 	20	 	 200	  16	   0.5555555555555556	 0.2591723

	11	 	20	 	 200	  21	   0.5555555555555556	 0.2990408

	11	 	20	 	 200	  26	   0.5555555555555556	 0.3990431

	11	 	20	 	 200	  31	   0.5555555555555556	 0.4413509

	11	 	20	 	 200	  36	   0.5555555555555556	 0.4921319

	11	 	20	 	 200	  41	   0.5555555555555556	 0.598829

	11	 	20	 	 200	  46	   0.5555555555555556	 0.6363235

	11	 	20	 	 400	  1	   0.5263157894736842	 0.1484911

	11	 	20	 	 400	  6	   0.5263157894736842	 0.1944807

	11	 	20	 	 400	  11	   0.5263157894736842	 0.2803331

	11	 	20	 	 400	  16	   0.5555555555555556	 0.5272144

	11	 	20	 	 400	  21	   0.5263157894736842	 0.5867681

	11	 	20	 	 400	  26	   0.5555555555555556	 0.6873659

	11	 	20	 	 400	  31	   0.5263157894736842	 0.7819571

	11	 	20	 	 400	  36	   0.5555555555555556	 0.8701129

	11	 	20	 	 400	  41	   0.5263157894736842	 1.0184261

	11	 	20	 	 400	  46	   0.5555555555555556	 1.118925

	11	 	20	 	 600	  1	   0.5263157894736842	 0.2138891

	11	 	20	 	 600	  6	   0.5263157894736842	 0.316557

	11	 	20	 	 600	  11	   0.5555555555555556	 0.4574782

	11	 	20	 	 600	  16	   0.5555555555555556	 0.6403489

	11	 	20	 	 600	  21	   0.5555555555555556	 0.7541538

	11	 	20	 	 600	  26	   0.5555555555555556	 1.0003654

	11	 	20	 	 600	  31	   0.5555555555555556	 1.1262646

	11	 	20	 	 600	  36	   0.5555555555555556	 1.2748388

	11	 	20	 	 600	  41	   0.5555555555555556	 1.605391

	11	 	20	 	 600	  46	   0.5555555555555556	 1.6217688

	11	 	20	 	 800	  1	   0.5263157894736842	 0.2846909

	11	 	20	 	 800	  6	   0.5263157894736842	 0.3655234

	11	 	20	 	 800	  11	   0.5555555555555556	 0.534699

	11	 	20	 	 800	  16	   0.5555555555555556	 0.8265132

	11	 	20	 	 800	  21	   0.5555555555555556	 1.00002

	11	 	20	 	 800	  26	   0.5555555555555556	 1.4460093

	11	 	20	 	 800	  31	   0.5555555555555556	 1.5607324

	11	 	20	 	 800	  36	   0.5555555555555556	 1.664482

	11	 	20	 	 800	  41	   0.5555555555555556	 2.0841996

	11	 	20	 	 800	  46	   0.5555555555555556	 2.1461112

	11	 	20	 	 1000	  1	   0.5263157894736842	 0.3436441

	11	 	20	 	 1000	  6	   0.5263157894736842	 0.4437164

	11	 	20	 	 1000	  11	   0.5263157894736842	 0.6519251

	11	 	20	 	 1000	  16	   0.5263157894736842	 1.0585415

	11	 	20	 	 1000	  21	   0.5263157894736842	 1.3329279

	11	 	20	 	 1000	  26	   0.5555555555555556	 1.6385002

	11	 	20	 	 1000	  31	   0.5263157894736842	 1.8731017

	11	 	20	 	 1000	  36	   0.5555555555555556	 2.188251

	11	 	20	 	 1000	  41	   0.5555555555555556	 2.453801

	11	 	20	 	 1000	  46	   0.5555555555555556	 2.6652223

	11	 	30	 	 0	  1	   0.35294117647058826	 0.0202957

	11	 	30	 	 0	  6	   0.631578947368421	 0.0318622

	11	 	30	 	 0	  11	   0.5555555555555556	 0.0479935

	11	 	30	 	 0	  16	   0.5555555555555556	 0.0707139

	11	 	30	 	 0	  21	   0.5555555555555556	 0.0916998

	11	 	30	 	 0	  26	   0.5555555555555556	 0.0974535

	11	 	30	 	 0	  31	   0.5555555555555556	 0.1131291

	11	 	30	 	 0	  36	   0.5555555555555556	 0.1373069

	11	 	30	 	 0	  41	   0.5555555555555556	 0.1529348

	11	 	30	 	 0	  46	   0.5555555555555556	 0.1465273

	11	 	30	 	 200	  1	   0.2325581395348837	 0.0879411

	11	 	30	 	 200	  6	   0.5555555555555556	 0.1114306

	11	 	30	 	 200	  11	   0.5555555555555556	 0.1711196

	11	 	30	 	 200	  16	   0.5555555555555556	 0.280842

	11	 	30	 	 200	  21	   0.5555555555555556	 0.3335092

	11	 	30	 	 200	  26	   0.5555555555555556	 0.4435322

	11	 	30	 	 200	  31	   0.5555555555555556	 0.4907668

	11	 	30	 	 200	  36	   0.5555555555555556	 0.5578885

	11	 	30	 	 200	  41	   0.5555555555555556	 0.65442

	11	 	30	 	 200	  46	   0.5555555555555556	 0.7261763

	11	 	30	 	 400	  1	   0.5555555555555556	 0.1632068

	11	 	30	 	 400	  6	   0.5555555555555556	 0.22341

	11	 	30	 	 400	  11	   0.5555555555555556	 0.3408384

	11	 	30	 	 400	  16	   0.5555555555555556	 0.5554325

	11	 	30	 	 400	  21	   0.5555555555555556	 0.6043832

	11	 	30	 	 400	  26	   0.5555555555555556	 0.735517

	11	 	30	 	 400	  31	   0.5555555555555556	 0.8922996

	11	 	30	 	 400	  36	   0.5555555555555556	 0.9786049

	11	 	30	 	 400	  41	   0.5555555555555556	 1.1333954

	11	 	30	 	 400	  46	   0.5555555555555556	 1.3196229

	11	 	30	 	 600	  1	   0.5263157894736842	 0.2353333

	11	 	30	 	 600	  6	   0.5263157894736842	 0.3442614

	11	 	30	 	 600	  11	   0.5263157894736842	 0.4542076

	11	 	30	 	 600	  16	   0.5555555555555556	 0.6887668

	11	 	30	 	 600	  21	   0.5263157894736842	 0.8313047

	11	 	30	 	 600	  26	   0.5555555555555556	 1.066297

	11	 	30	 	 600	  31	   0.5555555555555556	 1.2646743

	11	 	30	 	 600	  36	   0.5555555555555556	 1.5637928

	11	 	30	 	 600	  41	   0.5555555555555556	 1.6720676

	11	 	30	 	 600	  46	   0.5555555555555556	 1.8291423

	11	 	30	 	 800	  1	   0.5263157894736842	 0.3155822

	11	 	30	 	 800	  6	   0.5263157894736842	 0.4199548

	11	 	30	 	 800	  11	   0.5263157894736842	 0.6012367

	11	 	30	 	 800	  16	   0.5555555555555556	 1.0324226

	11	 	30	 	 800	  21	   0.5263157894736842	 1.1099669

	11	 	30	 	 800	  26	   0.5555555555555556	 1.3954115

	11	 	30	 	 800	  31	   0.5555555555555556	 1.6125061

	11	 	30	 	 800	  36	   0.5555555555555556	 1.9383323

	11	 	30	 	 800	  41	   0.5555555555555556	 2.1435484

	11	 	30	 	 800	  46	   0.5555555555555556	 2.3664277

	11	 	30	 	 1000	  1	   0.5263157894736842	 0.3839496

	11	 	30	 	 1000	  6	   0.5263157894736842	 0.6045886

	11	 	30	 	 1000	  11	   0.5263157894736842	 0.7619926

	11	 	30	 	 1000	  16	   0.5555555555555556	 1.1380317

	11	 	30	 	 1000	  21	   0.5555555555555556	 1.3658984

	11	 	30	 	 1000	  26	   0.5555555555555556	 1.8063036

	11	 	30	 	 1000	  31	   0.5555555555555556	 2.0751574

	11	 	30	 	 1000	  36	   0.5555555555555556	 2.3356381

	11	 	30	 	 1000	  41	   0.5555555555555556	 2.8143671

	11	 	30	 	 1000	  46	   0.5555555555555556	 2.937752

	11	 	40	 	 0	  1	   0.631578947368421	 0.0199822

	11	 	40	 	 0	  6	   0.5555555555555556	 0.035502

	11	 	40	 	 0	  11	   0.5555555555555556	 0.0437731

	11	 	40	 	 0	  16	   0.5555555555555556	 0.0697545

	11	 	40	 	 0	  21	   0.5555555555555556	 0.0976333

	11	 	40	 	 0	  26	   0.5555555555555556	 0.1245623

	11	 	40	 	 0	  31	   0.5555555555555556	 0.1467154

	11	 	40	 	 0	  36	   0.5555555555555556	 0.1443546

	11	 	40	 	 0	  41	   0.5263157894736842	 0.178026

	11	 	40	 	 0	  46	   0.5555555555555556	 0.1833749

	11	 	40	 	 200	  1	   0.2325581395348837	 0.0867694

	11	 	40	 	 200	  6	   0.5555555555555556	 0.1176945

	11	 	40	 	 200	  11	   0.5555555555555556	 0.1836976

	11	 	40	 	 200	  16	   0.5555555555555556	 0.3087369

	11	 	40	 	 200	  21	   0.5263157894736842	 0.3848994

	11	 	40	 	 200	  26	   0.5263157894736842	 0.4715717

	11	 	40	 	 200	  31	   0.5263157894736842	 0.504107

	11	 	40	 	 200	  36	   0.5555555555555556	 0.5868052

	11	 	40	 	 200	  41	   0.5263157894736842	 0.6704973

	11	 	40	 	 200	  46	   0.5263157894736842	 0.7552006

	11	 	40	 	 400	  1	   0.5263157894736842	 0.175009

	11	 	40	 	 400	  6	   0.5555555555555556	 0.2153338

	11	 	40	 	 400	  11	   0.5555555555555556	 0.3247087

	11	 	40	 	 400	  16	   0.5555555555555556	 0.5139828

	11	 	40	 	 400	  21	   0.5263157894736842	 0.5953968

	11	 	40	 	 400	  26	   0.5555555555555556	 0.7841394

	11	 	40	 	 400	  31	   0.5555555555555556	 0.9456358

	11	 	40	 	 400	  36	   0.5555555555555556	 1.0002449

	11	 	40	 	 400	  41	   0.5555555555555556	 1.2042961

	11	 	40	 	 400	  46	   0.5555555555555556	 1.2532803

	11	 	40	 	 600	  1	   0.5263157894736842	 0.2269845

	11	 	40	 	 600	  6	   0.5263157894736842	 0.351239

	11	 	40	 	 600	  11	   0.5263157894736842	 0.4537821

	11	 	40	 	 600	  16	   0.5263157894736842	 0.7880058

	11	 	40	 	 600	  21	   0.5263157894736842	 0.8421616

	11	 	40	 	 600	  26	   0.5555555555555556	 1.0762092

	11	 	40	 	 600	  31	   0.5555555555555556	 1.2902721

	11	 	40	 	 600	  36	   0.5555555555555556	 1.4703586

	11	 	40	 	 600	  41	   0.5555555555555556	 1.773763

	11	 	40	 	 600	  46	   0.5555555555555556	 1.8537723

	11	 	40	 	 800	  1	   0.5263157894736842	 0.3187641

	11	 	40	 	 800	  6	   0.5263157894736842	 0.4366709

	11	 	40	 	 800	  11	   0.5263157894736842	 0.603858

	11	 	40	 	 800	  16	   0.5555555555555556	 0.9016908

	11	 	40	 	 800	  21	   0.5263157894736842	 1.2038586

	11	 	40	 	 800	  26	   0.5555555555555556	 1.4200627

	11	 	40	 	 800	  31	   0.5555555555555556	 1.6456735

	11	 	40	 	 800	  36	   0.5555555555555556	 1.8875544

	11	 	40	 	 800	  41	   0.5555555555555556	 2.2948375

	11	 	40	 	 800	  46	   0.5555555555555556	 2.4173405

	11	 	40	 	 1000	  1	   0.5263157894736842	 0.3828924

	11	 	40	 	 1000	  6	   0.5263157894736842	 0.5294668

	11	 	40	 	 1000	  11	   0.5263157894736842	 0.7542126

	11	 	40	 	 1000	  16	   0.5555555555555556	 1.2379991

	11	 	40	 	 1000	  21	   0.5555555555555556	 1.3849677

	11	 	40	 	 1000	  26	   0.5555555555555556	 1.7763745

	11	 	40	 	 1000	  31	   0.5555555555555556	 2.1418281

	11	 	40	 	 1000	  36	   0.5555555555555556	 2.3861486

	11	 	40	 	 1000	  41	   0.5555555555555556	 2.7944288

	11	 	40	 	 1000	  46	   0.5555555555555556	 3.0430572

	11	 	50	 	 0	  1	   0.631578947368421	 0.022695

	11	 	50	 	 0	  6	   0.631578947368421	 0.0361087

	11	 	50	 	 0	  11	   0.5555555555555556	 0.0557658

	11	 	50	 	 0	  16	   0.5555555555555556	 0.0785967

	11	 	50	 	 0	  21	   0.5555555555555556	 0.1032672

	11	 	50	 	 0	  26	   0.5555555555555556	 0.127306

	11	 	50	 	 0	  31	   0.5555555555555556	 0.1512066

	11	 	50	 	 0	  36	   0.5555555555555556	 0.1683047

	11	 	50	 	 0	  41	   0.5555555555555556	 0.2080304

	11	 	50	 	 0	  46	   0.5555555555555556	 0.217048

	11	 	50	 	 200	  1	   0.2325581395348837	 0.0874399

	11	 	50	 	 200	  6	   0.5555555555555556	 0.1207596

	11	 	50	 	 200	  11	   0.5555555555555556	 0.1885619

	11	 	50	 	 200	  16	   0.5555555555555556	 0.3142102

	11	 	50	 	 200	  21	   0.5555555555555556	 0.3235125

	11	 	50	 	 200	  26	   0.5263157894736842	 0.4834592

	11	 	50	 	 200	  31	   0.5555555555555556	 0.5737685

	11	 	50	 	 200	  36	   0.5555555555555556	 0.5756789

	11	 	50	 	 200	  41	   0.5555555555555556	 0.6788984

	11	 	50	 	 200	  46	   0.5263157894736842	 0.7546415

	11	 	50	 	 400	  1	   0.5263157894736842	 0.1785437

	11	 	50	 	 400	  6	   0.5555555555555556	 0.2186359

	11	 	50	 	 400	  11	   0.5555555555555556	 0.328516

	11	 	50	 	 400	  16	   0.5555555555555556	 0.5267438

	11	 	50	 	 400	  21	   0.5263157894736842	 0.5909789

	11	 	50	 	 400	  26	   0.5555555555555556	 0.7460039

	11	 	50	 	 400	  31	   0.5555555555555556	 0.9790354

	11	 	50	 	 400	  36	   0.5555555555555556	 1.0236687

	11	 	50	 	 400	  41	   0.5555555555555556	 1.139737

	11	 	50	 	 400	  46	   0.5555555555555556	 1.2574831

	11	 	50	 	 600	  1	   0.5263157894736842	 0.2293331

	11	 	50	 	 600	  6	   0.5263157894736842	 0.325996

	11	 	50	 	 600	  11	   0.5263157894736842	 0.4616792

	11	 	50	 	 600	  16	   0.5263157894736842	 0.7152258

	11	 	50	 	 600	  21	   0.5263157894736842	 0.9111554

	11	 	50	 	 600	  26	   0.5555555555555556	 1.0828943

	11	 	50	 	 600	  31	   0.5555555555555556	 1.2897627

	11	 	50	 	 600	  36	   0.5555555555555556	 1.4616723

	11	 	50	 	 600	  41	   0.5555555555555556	 1.769657

	11	 	50	 	 600	  46	   0.5555555555555556	 1.8356663

	11	 	50	 	 800	  1	   0.5263157894736842	 0.3176453

	11	 	50	 	 800	  6	   0.5263157894736842	 0.4393408

	11	 	50	 	 800	  11	   0.5263157894736842	 0.6043113

	11	 	50	 	 800	  16	   0.5555555555555556	 0.9102107

	11	 	50	 	 800	  21	   0.5263157894736842	 1.2041624

	11	 	50	 	 800	  26	   0.5555555555555556	 1.449622

	11	 	50	 	 800	  31	   0.5555555555555556	 1.6298431

	11	 	50	 	 800	  36	   0.5555555555555556	 1.8751728

	11	 	50	 	 800	  41	   0.5555555555555556	 2.3319622

	11	 	50	 	 800	  46	   0.5555555555555556	 2.4212991

	11	 	50	 	 1000	  1	   0.5263157894736842	 0.3790841

	11	 	50	 	 1000	  6	   0.5263157894736842	 0.5060056

	11	 	50	 	 1000	  11	   0.5555555555555556	 0.7590345

	11	 	50	 	 1000	  16	   0.5555555555555556	 1.2508014

	11	 	50	 	 1000	  21	   0.5555555555555556	 1.3876046

	11	 	50	 	 1000	  26	   0.5555555555555556	 1.7737729

	11	 	50	 	 1000	  31	   0.5555555555555556	 2.1464704

	11	 	50	 	 1000	  36	   0.5555555555555556	 2.4364015

	11	 	50	 	 1000	  41	   0.5555555555555556	 2.785109

	11	 	50	 	 1000	  46	   0.5555555555555556	 3.0319411

	11	 	60	 	 0	  1	   0.631578947368421	 0.0250808

	11	 	60	 	 0	  6	   0.5555555555555556	 0.0372839

	11	 	60	 	 0	  11	   0.5555555555555556	 0.0584006

	11	 	60	 	 0	  16	   0.5263157894736842	 0.0940274

	11	 	60	 	 0	  21	   0.5555555555555556	 0.118773

	11	 	60	 	 0	  26	   0.5555555555555556	 0.1495166

	11	 	60	 	 0	  31	   0.5555555555555556	 0.1611232

	11	 	60	 	 0	  36	   0.5555555555555556	 0.2138305

	11	 	60	 	 0	  41	   0.5263157894736842	 0.2083284

	11	 	60	 	 0	  46	   0.5263157894736842	 0.2347988

	11	 	60	 	 200	  1	   0.2325581395348837	 0.084881

	11	 	60	 	 200	  6	   0.5555555555555556	 0.1210848

	11	 	60	 	 200	  11	   0.5555555555555556	 0.1858885

	11	 	60	 	 200	  16	   0.5555555555555556	 0.2797879

	11	 	60	 	 200	  21	   0.5555555555555556	 0.3658619

	11	 	60	 	 200	  26	   0.5263157894736842	 0.4955972

	11	 	60	 	 200	  31	   0.5555555555555556	 0.5462772

	11	 	60	 	 200	  36	   0.5555555555555556	 0.5910857

	11	 	60	 	 200	  41	   0.5555555555555556	 0.6837367

	11	 	60	 	 200	  46	   0.5263157894736842	 0.7471861

	11	 	60	 	 400	  1	   0.5263157894736842	 0.1759667

	11	 	60	 	 400	  6	   0.5555555555555556	 0.2285167

	11	 	60	 	 400	  11	   0.5555555555555556	 0.312422

	11	 	60	 	 400	  16	   0.5555555555555556	 0.5194306

	11	 	60	 	 400	  21	   0.5263157894736842	 0.5960672

	11	 	60	 	 400	  26	   0.5555555555555556	 0.774436

	11	 	60	 	 400	  31	   0.5555555555555556	 0.9555952

	11	 	60	 	 400	  36	   0.5555555555555556	 1.0066369

	11	 	60	 	 400	  41	   0.5555555555555556	 1.1539906

	11	 	60	 	 400	  46	   0.5555555555555556	 1.2740614

	11	 	60	 	 600	  1	   0.5263157894736842	 0.224813

	11	 	60	 	 600	  6	   0.5263157894736842	 0.3133218

	11	 	60	 	 600	  11	   0.5263157894736842	 0.4579542

	11	 	60	 	 600	  16	   0.5263157894736842	 0.9491519

	11	 	60	 	 600	  21	   0.5263157894736842	 0.8664401

	11	 	60	 	 600	  26	   0.5555555555555556	 1.0933902

	11	 	60	 	 600	  31	   0.5555555555555556	 1.2734563

	11	 	60	 	 600	  36	   0.5555555555555556	 1.4701479

	11	 	60	 	 600	  41	   0.5555555555555556	 1.7837724

	11	 	60	 	 600	  46	   0.5555555555555556	 1.840097

	11	 	60	 	 800	  1	   0.5263157894736842	 0.3164469

	11	 	60	 	 800	  6	   0.5263157894736842	 0.4500492

	11	 	60	 	 800	  11	   0.5263157894736842	 0.6039194

	11	 	60	 	 800	  16	   0.5555555555555556	 0.9049695

	11	 	60	 	 800	  21	   0.5263157894736842	 1.2135696

	11	 	60	 	 800	  26	   0.5555555555555556	 1.4185902

	11	 	60	 	 800	  31	   0.5555555555555556	 1.6313041

	11	 	60	 	 800	  36	   0.5555555555555556	 1.8909761

	11	 	60	 	 800	  41	   0.5555555555555556	 2.31117

	11	 	60	 	 800	  46	   0.5555555555555556	 2.4825502

	11	 	60	 	 1000	  1	   0.5263157894736842	 0.378244

	11	 	60	 	 1000	  6	   0.5263157894736842	 0.5044099

	11	 	60	 	 1000	  11	   0.5555555555555556	 0.7634969

	11	 	60	 	 1000	  16	   0.5555555555555556	 1.2442835

	11	 	60	 	 1000	  21	   0.5555555555555556	 1.3964607

	11	 	60	 	 1000	  26	   0.5555555555555556	 1.7792719

	11	 	60	 	 1000	  31	   0.5555555555555556	 2.153131

	11	 	60	 	 1000	  36	   0.5555555555555556	 2.364654

	11	 	60	 	 1000	  41	   0.5555555555555556	 2.7761785

	11	 	60	 	 1000	  46	   0.5555555555555556	 3.0359319

	16	 	10	 	 0	  1	   NaN	 0.009118

	16	 	10	 	 0	  6	   NaN	 0.0152953

	16	 	10	 	 0	  11	   NaN	 0.0175946

	16	 	10	 	 0	  16	   NaN	 0.026179

	16	 	10	 	 0	  21	   NaN	 0.0319281

	16	 	10	 	 0	  26	   NaN	 0.044006

	16	 	10	 	 0	  31	   0.14285714285714288	 0.0464867

	16	 	10	 	 0	  36	   0.14285714285714288	 0.0584861

	16	 	10	 	 0	  41	   0.14285714285714288	 0.0641386

	16	 	10	 	 0	  46	   0.14285714285714288	 0.0710593

	16	 	10	 	 200	  1	   NaN	 0.0762178

	16	 	10	 	 200	  6	   0.5555555555555556	 0.1041317

	16	 	10	 	 200	  11	   0.5555555555555556	 0.1399772

	16	 	10	 	 200	  16	   0.5555555555555556	 0.2401077

	16	 	10	 	 200	  21	   0.5555555555555556	 0.2861271

	16	 	10	 	 200	  26	   0.5555555555555556	 0.3836135

	16	 	10	 	 200	  31	   0.5555555555555556	 0.4064836

	16	 	10	 	 200	  36	   0.5555555555555556	 0.4673714

	16	 	10	 	 200	  41	   0.5555555555555556	 0.5900655

	16	 	10	 	 200	  46	   0.5555555555555556	 0.6208509

	16	 	10	 	 400	  1	   NaN	 0.1416764

	16	 	10	 	 400	  6	   0.5555555555555556	 0.1713876

	16	 	10	 	 400	  11	   0.5555555555555556	 0.2562946

	16	 	10	 	 400	  16	   0.5555555555555556	 0.4547453

	16	 	10	 	 400	  21	   0.5555555555555556	 0.5038373

	16	 	10	 	 400	  26	   0.5555555555555556	 0.682711

	16	 	10	 	 400	  31	   0.5555555555555556	 0.7560585

	16	 	10	 	 400	  36	   0.5555555555555556	 0.8411085

	16	 	10	 	 400	  41	   0.5555555555555556	 1.000983

	16	 	10	 	 400	  46	   0.5555555555555556	 1.177347

	16	 	10	 	 600	  1	   0.5555555555555556	 0.2007778

	16	 	10	 	 600	  6	   0.5555555555555556	 0.2535958

	16	 	10	 	 600	  11	   0.5555555555555556	 0.3766799

	16	 	10	 	 600	  16	   0.5555555555555556	 0.6292926

	16	 	10	 	 600	  21	   0.5555555555555556	 0.7329701

	16	 	10	 	 600	  26	   0.5555555555555556	 0.9950723

	16	 	10	 	 600	  31	   0.5555555555555556	 1.0985461

	16	 	10	 	 600	  36	   0.5555555555555556	 1.2716914

	16	 	10	 	 600	  41	   0.5555555555555556	 1.5041778

	16	 	10	 	 600	  46	   0.5555555555555556	 1.5504699

	16	 	10	 	 800	  1	   NaN	 0.2704358

	16	 	10	 	 800	  6	   0.5555555555555556	 0.326137

	16	 	10	 	 800	  11	   0.5555555555555556	 0.4999047

	16	 	10	 	 800	  16	   0.5555555555555556	 0.8361252

	16	 	10	 	 800	  21	   0.5555555555555556	 1.036139

	16	 	10	 	 800	  26	   0.5555555555555556	 1.3189549

	16	 	10	 	 800	  31	   0.5555555555555556	 1.4304831

	16	 	10	 	 800	  36	   0.5555555555555556	 1.6115826

	16	 	10	 	 800	  41	   0.5555555555555556	 2.0053552

	16	 	10	 	 800	  46	   0.5555555555555556	 2.0355148

	16	 	10	 	 1000	  1	   NaN	 0.3373129

	16	 	10	 	 1000	  6	   0.5555555555555556	 0.4195781

	16	 	10	 	 1000	  11	   0.5555555555555556	 0.6108126

	16	 	10	 	 1000	  16	   0.5555555555555556	 1.0494534

	16	 	10	 	 1000	  21	   0.5555555555555556	 1.3050038

	16	 	10	 	 1000	  26	   0.5555555555555556	 1.6105174

	16	 	10	 	 1000	  31	   0.5555555555555556	 1.7925116

	16	 	10	 	 1000	  36	   0.5555555555555556	 2.0463703

	16	 	10	 	 1000	  41	   0.5555555555555556	 2.3898006

	16	 	10	 	 1000	  46	   0.5555555555555556	 2.5520077

	16	 	20	 	 0	  1	   NaN	 0.0151175

	16	 	20	 	 0	  6	   NaN	 0.0256908

	16	 	20	 	 0	  11	   NaN	 0.0315074

	16	 	20	 	 0	  16	   0.2666666666666667	 0.0495574

	16	 	20	 	 0	  21	   0.2666666666666667	 0.0620214

	16	 	20	 	 0	  26	   0.14285714285714288	 0.0839957

	16	 	20	 	 0	  31	   0.2666666666666667	 0.0954923

	16	 	20	 	 0	  36	   0.14285714285714288	 0.1116279

	16	 	20	 	 0	  41	   0.5555555555555556	 0.1509945

	16	 	20	 	 0	  46	   0.14285714285714288	 0.1550208

	16	 	20	 	 200	  1	   0.631578947368421	 0.1358503

	16	 	20	 	 200	  6	   0.5555555555555556	 0.1836717

	16	 	20	 	 200	  11	   0.5555555555555556	 0.222975

	16	 	20	 	 200	  16	   0.631578947368421	 0.3807078

	16	 	20	 	 200	  21	   0.5555555555555556	 0.4310861

	16	 	20	 	 200	  26	   0.5555555555555556	 0.5841697

	16	 	20	 	 200	  31	   0.5555555555555556	 0.6474633

	16	 	20	 	 200	  36	   0.5555555555555556	 0.7129844

	16	 	20	 	 200	  41	   0.5555555555555556	 0.8491597

	16	 	20	 	 200	  46	   0.5555555555555556	 0.9152145

	16	 	20	 	 400	  1	   0.5555555555555556	 0.222318

	16	 	20	 	 400	  6	   0.5555555555555556	 0.3488812

	16	 	20	 	 400	  11	   0.5555555555555556	 0.4040621

	16	 	20	 	 400	  16	   0.5555555555555556	 0.669725

	16	 	20	 	 400	  21	   0.5555555555555556	 0.7824438

	16	 	20	 	 400	  26	   0.5555555555555556	 1.0531304

	16	 	20	 	 400	  31	   0.5555555555555556	 1.1448496

	16	 	20	 	 400	  36	   0.5555555555555556	 1.3651199

	16	 	20	 	 400	  41	   0.5555555555555556	 1.5773256

	16	 	20	 	 400	  46	   0.5555555555555556	 1.6566739

	16	 	20	 	 600	  1	   0.4545454545454546	 0.2896356

	16	 	20	 	 600	  6	   0.5555555555555556	 0.4072351

	16	 	20	 	 600	  11	   0.5555555555555556	 0.5973602

	16	 	20	 	 600	  16	   0.5555555555555556	 0.9452079

	16	 	20	 	 600	  21	   0.5555555555555556	 1.2236161

	16	 	20	 	 600	  26	   0.5555555555555556	 1.5050751

	16	 	20	 	 600	  31	   0.5555555555555556	 1.6833491

	16	 	20	 	 600	  36	   0.5555555555555556	 1.9345729

	16	 	20	 	 600	  41	   0.5555555555555556	 2.361716

	16	 	20	 	 600	  46	   0.5555555555555556	 2.572039

	16	 	20	 	 800	  1	   0.5263157894736842	 0.5671828

	16	 	20	 	 800	  6	   0.5555555555555556	 0.8571556

	16	 	20	 	 800	  11	   0.5555555555555556	 0.867972

	16	 	20	 	 800	  16	   0.5555555555555556	 1.391134

	16	 	20	 	 800	  21	   0.5555555555555556	 1.599071

	16	 	20	 	 800	  26	   0.5555555555555556	 2.1941977

	16	 	20	 	 800	  31	   0.5555555555555556	 2.4110805

	16	 	20	 	 800	  36	   0.5555555555555556	 2.5939975

	16	 	20	 	 800	  41	   0.5555555555555556	 3.008951

	16	 	20	 	 800	  46	   0.5555555555555556	 3.2369722

	16	 	20	 	 1000	  1	   0.5263157894736842	 0.5163234

	16	 	20	 	 1000	  6	   0.5555555555555556	 0.6512053

	16	 	20	 	 1000	  11	   0.5555555555555556	 0.9675382

	16	 	20	 	 1000	  16	   0.5555555555555556	 1.5835787

	16	 	20	 	 1000	  21	   0.5555555555555556	 1.9451257

	16	 	20	 	 1000	  26	   0.5555555555555556	 2.5093096

	16	 	20	 	 1000	  31	   0.5555555555555556	 2.8514536

	16	 	20	 	 1000	  36	   0.5555555555555556	 3.1229042

	16	 	20	 	 1000	  41	   0.5555555555555556	 3.765328

	16	 	20	 	 1000	  46	   0.5555555555555556	 3.9479144

	16	 	30	 	 0	  1	   0.631578947368421	 0.0192571

	16	 	30	 	 0	  6	   0.5555555555555556	 0.0346711

	16	 	30	 	 0	  11	   0.5555555555555556	 0.0432302

	16	 	30	 	 0	  16	   0.631578947368421	 0.0783188

	16	 	30	 	 0	  21	   0.7000000000000001	 0.0960366

	16	 	30	 	 0	  26	   0.631578947368421	 0.1159581

	16	 	30	 	 0	  31	   0.631578947368421	 0.1468434

	16	 	30	 	 0	  36	   0.631578947368421	 0.1815318

	16	 	30	 	 0	  41	   0.631578947368421	 0.2269459

	16	 	30	 	 0	  46	   0.631578947368421	 0.2397117

	16	 	30	 	 200	  1	   0.631578947368421	 0.149361

	16	 	30	 	 200	  6	   0.5555555555555556	 0.1966201

	16	 	30	 	 200	  11	   0.5555555555555556	 0.2631359

	16	 	30	 	 200	  16	   0.5555555555555556	 0.4285244

	16	 	30	 	 200	  21	   0.5555555555555556	 0.51334

	16	 	30	 	 200	  26	   0.631578947368421	 0.6657606

	16	 	30	 	 200	  31	   0.5555555555555556	 0.7449958

	16	 	30	 	 200	  36	   0.5555555555555556	 0.8439091

	16	 	30	 	 200	  41	   0.631578947368421	 0.9800122

	16	 	30	 	 200	  46	   0.631578947368421	 1.2043501

	16	 	30	 	 400	  1	   0.631578947368421	 0.2530606

	16	 	30	 	 400	  6	   0.5555555555555556	 0.3801935

	16	 	30	 	 400	  11	   0.5555555555555556	 0.5012099

	16	 	30	 	 400	  16	   0.5555555555555556	 0.8210941

	16	 	30	 	 400	  21	   0.5555555555555556	 0.9848034

	16	 	30	 	 400	  26	   0.5555555555555556	 1.2063269

	16	 	30	 	 400	  31	   0.5555555555555556	 1.4305784

	16	 	30	 	 400	  36	   0.5555555555555556	 1.5681051

	16	 	30	 	 400	  41	   0.5555555555555556	 1.7575805

	16	 	30	 	 400	  46	   0.5555555555555556	 1.972036

	16	 	30	 	 600	  1	   0.631578947368421	 0.3553437

	16	 	30	 	 600	  6	   0.5555555555555556	 0.5250925

	16	 	30	 	 600	  11	   0.5555555555555556	 0.7094352

	16	 	30	 	 600	  16	   0.5555555555555556	 1.1086144

	16	 	30	 	 600	  21	   0.5555555555555556	 1.2721748

	16	 	30	 	 600	  26	   0.5555555555555556	 1.7984918

	16	 	30	 	 600	  31	   0.5555555555555556	 1.9762576

	16	 	30	 	 600	  36	   0.5555555555555556	 2.2092191

	16	 	30	 	 600	  41	   0.5555555555555556	 2.6480544

	16	 	30	 	 600	  46	   0.5555555555555556	 2.7601751

	16	 	30	 	 800	  1	   0.5263157894736842	 0.4754394

	16	 	30	 	 800	  6	   0.5555555555555556	 0.6366022

	16	 	30	 	 800	  11	   0.5555555555555556	 0.9431792

	16	 	30	 	 800	  16	   0.5555555555555556	 1.4940227

	16	 	30	 	 800	  21	   0.5555555555555556	 1.7087264

	16	 	30	 	 800	  26	   0.5555555555555556	 2.2717217

	16	 	30	 	 800	  31	   0.5555555555555556	 2.6818128

	16	 	30	 	 800	  36	   0.5555555555555556	 2.8663562

	16	 	30	 	 800	  41	   0.5555555555555556	 3.4446352

	16	 	30	 	 800	  46	   0.5555555555555556	 3.6332193

	16	 	30	 	 1000	  1	   0.5263157894736842	 0.6029413

	16	 	30	 	 1000	  6	   0.5555555555555556	 0.8100606

	16	 	30	 	 1000	  11	   0.5555555555555556	 1.1252744

	16	 	30	 	 1000	  16	   0.5555555555555556	 1.7992583

	16	 	30	 	 1000	  21	   0.5555555555555556	 2.2101129

	16	 	30	 	 1000	  26	   0.5555555555555556	 2.8320056

	16	 	30	 	 1000	  31	   0.5555555555555556	 3.3566941

	16	 	30	 	 1000	  36	   0.5555555555555556	 3.5970904

	16	 	30	 	 1000	  41	   0.5555555555555556	 4.2891192

	16	 	30	 	 1000	  46	   0.5555555555555556	 4.68956

	16	 	40	 	 0	  1	   0.5454545454545455	 0.023182

	16	 	40	 	 0	  6	   0.5555555555555556	 0.0356439

	16	 	40	 	 0	  11	   0.5555555555555556	 0.0559953

	16	 	40	 	 0	  16	   0.631578947368421	 0.0998496

	16	 	40	 	 0	  21	   0.5555555555555556	 0.1262764

	16	 	40	 	 0	  26	   0.631578947368421	 0.1557142

	16	 	40	 	 0	  31	   0.631578947368421	 0.1798592

	16	 	40	 	 0	  36	   0.5555555555555556	 0.1898189

	16	 	40	 	 0	  41	   0.631578947368421	 0.2171561

	16	 	40	 	 0	  46	   0.631578947368421	 0.2497793

	16	 	40	 	 200	  1	   0.631578947368421	 0.1489181

	16	 	40	 	 200	  6	   0.5555555555555556	 0.1869283

	16	 	40	 	 200	  11	   0.5555555555555556	 0.2911627

	16	 	40	 	 200	  16	   0.5555555555555556	 0.4513555

	16	 	40	 	 200	  21	   0.5555555555555556	 0.5442422

	16	 	40	 	 200	  26	   0.5555555555555556	 0.6716342

	16	 	40	 	 200	  31	   0.5555555555555556	 0.7970619

	16	 	40	 	 200	  36	   0.5555555555555556	 0.963317

	16	 	40	 	 200	  41	   0.5555555555555556	 1.0449388

	16	 	40	 	 200	  46	   0.5555555555555556	 1.1250574

	16	 	40	 	 400	  1	   0.631578947368421	 0.2531211

	16	 	40	 	 400	  6	   0.5555555555555556	 0.3632266

	16	 	40	 	 400	  11	   0.5555555555555556	 0.5015899

	16	 	40	 	 400	  16	   0.5555555555555556	 0.8064513

	16	 	40	 	 400	  21	   0.5555555555555556	 0.9129162

	16	 	40	 	 400	  26	   0.5555555555555556	 1.3289489

	16	 	40	 	 400	  31	   0.5555555555555556	 1.4244367

	16	 	40	 	 400	  36	   0.5555555555555556	 1.6612981

	16	 	40	 	 400	  41	   0.5555555555555556	 1.8108124

	16	 	40	 	 400	  46	   0.5555555555555556	 2.1184529

	16	 	40	 	 600	  1	   0.631578947368421	 0.33637

	16	 	40	 	 600	  6	   0.5555555555555556	 0.5826486

	16	 	40	 	 600	  11	   0.5555555555555556	 0.7776775

	16	 	40	 	 600	  16	   0.5555555555555556	 1.145547

	16	 	40	 	 600	  21	   0.5555555555555556	 1.3361733

	16	 	40	 	 600	  26	   0.5555555555555556	 1.8838274

	16	 	40	 	 600	  31	   0.5555555555555556	 2.1144329

	16	 	40	 	 600	  36	   0.5555555555555556	 2.3245548

	16	 	40	 	 600	  41	   0.5555555555555556	 2.7317041

	16	 	40	 	 600	  46	   0.5555555555555556	 2.8552182

	16	 	40	 	 800	  1	   0.5263157894736842	 0.4814561

	16	 	40	 	 800	  6	   0.5263157894736842	 0.6765431

	16	 	40	 	 800	  11	   0.5555555555555556	 1.0557644

	16	 	40	 	 800	  16	   0.5555555555555556	 1.4753065

	16	 	40	 	 800	  21	   0.5555555555555556	 1.8088938

	16	 	40	 	 800	  26	   0.5555555555555556	 2.3992632

	16	 	40	 	 800	  31	   0.5555555555555556	 2.6758649

	16	 	40	 	 800	  36	   0.5555555555555556	 3.0804499

	16	 	40	 	 800	  41	   0.5555555555555556	 3.4604866

	16	 	40	 	 800	  46	   0.5555555555555556	 3.9299117

	16	 	40	 	 1000	  1	   0.5263157894736842	 0.5999632

	16	 	40	 	 1000	  6	   0.5263157894736842	 0.8008477

	16	 	40	 	 1000	  11	   0.5555555555555556	 1.1555788

	16	 	40	 	 1000	  16	   0.5555555555555556	 1.9371622

	16	 	40	 	 1000	  21	   0.5555555555555556	 2.2739128

	16	 	40	 	 1000	  26	   0.5555555555555556	 2.9035694

	16	 	40	 	 1000	  31	   0.5555555555555556	 3.5195623

	16	 	40	 	 1000	  36	   0.5555555555555556	 3.9641838

	16	 	40	 	 1000	  41	   0.5555555555555556	 4.3412676

	16	 	40	 	 1000	  46	   0.5555555555555556	 4.9459552

	16	 	50	 	 0	  1	   0.4444444444444445	 0.0279812

	16	 	50	 	 0	  6	   0.5263157894736842	 0.0441893

	16	 	50	 	 0	  11	   0.5263157894736842	 0.0616957

	16	 	50	 	 0	  16	   0.5555555555555556	 0.1159027

	16	 	50	 	 0	  21	   0.5555555555555556	 0.135992

	16	 	50	 	 0	  26	   0.5555555555555556	 0.1839904

	16	 	50	 	 0	  31	   0.5555555555555556	 0.1917278

	16	 	50	 	 0	  36	   0.5555555555555556	 0.2278752

	16	 	50	 	 0	  41	   0.5555555555555556	 0.2651352

	16	 	50	 	 0	  46	   0.5555555555555556	 0.2997822

	16	 	50	 	 200	  1	   0.631578947368421	 0.1467717

	16	 	50	 	 200	  6	   0.5555555555555556	 0.1830986

	16	 	50	 	 200	  11	   0.5555555555555556	 0.2890275

	16	 	50	 	 200	  16	   0.5555555555555556	 0.5227858

	16	 	50	 	 200	  21	   0.5555555555555556	 0.5756746

	16	 	50	 	 200	  26	   0.5555555555555556	 0.6786651

	16	 	50	 	 200	  31	   0.5555555555555556	 0.8254233

	16	 	50	 	 200	  36	   0.5555555555555556	 0.8950069

	16	 	50	 	 200	  41	   0.5555555555555556	 1.0379765

	16	 	50	 	 200	  46	   0.5555555555555556	 1.157654

	16	 	50	 	 400	  1	   0.631578947368421	 0.269572

	16	 	50	 	 400	  6	   0.5555555555555556	 0.4234186

	16	 	50	 	 400	  11	   0.5555555555555556	 0.5081407

	16	 	50	 	 400	  16	   0.5555555555555556	 0.8254456

	16	 	50	 	 400	  21	   0.5555555555555556	 0.9401638

	16	 	50	 	 400	  26	   0.5555555555555556	 1.2382954

	16	 	50	 	 400	  31	   0.5555555555555556	 1.4966478

	16	 	50	 	 400	  36	   0.5555555555555556	 1.6873799

	16	 	50	 	 400	  41	   0.5555555555555556	 1.8569127

	16	 	50	 	 400	  46	   0.5555555555555556	 2.1424258

	16	 	50	 	 600	  1	   0.631578947368421	 0.3407937

	16	 	50	 	 600	  6	   0.5555555555555556	 0.5853582

	16	 	50	 	 600	  11	   0.5555555555555556	 0.7999379

	16	 	50	 	 600	  16	   0.5555555555555556	 1.151232

	16	 	50	 	 600	  21	   0.5555555555555556	 1.3536978

	16	 	50	 	 600	  26	   0.5555555555555556	 1.8556292

	16	 	50	 	 600	  31	   0.5555555555555556	 2.163974

	16	 	50	 	 600	  36	   0.5555555555555556	 2.3431722

	16	 	50	 	 600	  41	   0.5555555555555556	 2.7353541

	16	 	50	 	 600	  46	   0.5555555555555556	 2.8878364

	16	 	50	 	 800	  1	   0.5263157894736842	 0.4854544

	16	 	50	 	 800	  6	   0.5555555555555556	 0.6807806

	16	 	50	 	 800	  11	   0.5555555555555556	 1.0652384

	16	 	50	 	 800	  16	   0.5555555555555556	 1.4961589

	16	 	50	 	 800	  21	   0.5555555555555556	 1.821112

	16	 	50	 	 800	  26	   0.5555555555555556	 2.4257958

	16	 	50	 	 800	  31	   0.5555555555555556	 2.6764992

	16	 	50	 	 800	  36	   0.5555555555555556	 3.1185612

	16	 	50	 	 800	  41	   0.5555555555555556	 3.4530585

	16	 	50	 	 800	  46	   0.5555555555555556	 3.966549

	16	 	50	 	 1000	  1	   0.5263157894736842	 0.5945778

	16	 	50	 	 1000	  6	   0.5555555555555556	 0.8062456

	16	 	50	 	 1000	  11	   0.5555555555555556	 1.2025627

	16	 	50	 	 1000	  16	   0.5555555555555556	 2.0069208

	16	 	50	 	 1000	  21	   0.5555555555555556	 2.264624

	16	 	50	 	 1000	  26	   0.5555555555555556	 2.9777905

	16	 	50	 	 1000	  31	   0.5555555555555556	 3.4240516

	16	 	50	 	 1000	  36	   0.5555555555555556	 3.8977435

	16	 	50	 	 1000	  41	   0.5555555555555556	 4.4473839

	16	 	50	 	 1000	  46	   0.5555555555555556	 5.2884698

	16	 	60	 	 0	  1	   0.3157894736842105	 0.0362354

	16	 	60	 	 0	  6	   0.7000000000000001	 0.0653219

	16	 	60	 	 0	  11	   0.5555555555555556	 0.084672

	16	 	60	 	 0	  16	   0.5555555555555556	 0.1555271

	16	 	60	 	 0	  21	   0.5555555555555556	 0.1620963

	16	 	60	 	 0	  26	   0.631578947368421	 0.2189441

	16	 	60	 	 0	  31	   0.631578947368421	 0.2590355

	16	 	60	 	 0	  36	   0.5555555555555556	 0.3130579

	16	 	60	 	 0	  41	   0.631578947368421	 0.3408669

	16	 	60	 	 0	  46	   0.631578947368421	 0.3451414

	16	 	60	 	 200	  1	   0.631578947368421	 0.1550958

	16	 	60	 	 200	  6	   0.5555555555555556	 0.2610127

	16	 	60	 	 200	  11	   0.5555555555555556	 0.3257401

	16	 	60	 	 200	  16	   0.5555555555555556	 0.4827949

	16	 	60	 	 200	  21	   0.5555555555555556	 0.5739915

	16	 	60	 	 200	  26	   0.5555555555555556	 0.72442

	16	 	60	 	 200	  31	   0.5555555555555556	 0.9113932

	16	 	60	 	 200	  36	   0.5555555555555556	 0.9329499

	16	 	60	 	 200	  41	   0.5555555555555556	 1.0907361

	16	 	60	 	 200	  46	   0.5555555555555556	 1.1904185

	16	 	60	 	 400	  1	   0.631578947368421	 0.2920749

	16	 	60	 	 400	  6	   0.5555555555555556	 0.4618681

	16	 	60	 	 400	  11	   0.5555555555555556	 0.5927682

	16	 	60	 	 400	  16	   0.5555555555555556	 0.9556165

	16	 	60	 	 400	  21	   0.5555555555555556	 1.0334325

	16	 	60	 	 400	  26	   0.5555555555555556	 1.2895351

	16	 	60	 	 400	  31	   0.5555555555555556	 1.5325331

	16	 	60	 	 400	  36	   0.5555555555555556	 1.8201651

	16	 	60	 	 400	  41	   0.5555555555555556	 1.975585

	16	 	60	 	 400	  46	   0.5555555555555556	 2.1208763

	16	 	60	 	 600	  1	   0.631578947368421	 0.3789391

	16	 	60	 	 600	  6	   0.5555555555555556	 0.6796364

	16	 	60	 	 600	  11	   0.5555555555555556	 0.9031082

	16	 	60	 	 600	  16	   0.5555555555555556	 1.1295108

	16	 	60	 	 600	  21	   0.5555555555555556	 1.3350263

	16	 	60	 	 600	  26	   0.5555555555555556	 1.7684594

	16	 	60	 	 600	  31	   0.5555555555555556	 2.2477941

	16	 	60	 	 600	  36	   0.5555555555555556	 2.3405819

	16	 	60	 	 600	  41	   0.5555555555555556	 2.7021675

	16	 	60	 	 600	  46	   0.5555555555555556	 2.880485

	16	 	60	 	 800	  1	   0.5263157894736842	 0.4806279

	16	 	60	 	 800	  6	   0.5555555555555556	 0.6668631

	16	 	60	 	 800	  11	   0.5555555555555556	 0.9797395

	16	 	60	 	 800	  16	   0.5555555555555556	 1.5710949

	16	 	60	 	 800	  21	   0.5555555555555556	 1.8043656

	16	 	60	 	 800	  26	   0.5555555555555556	 2.3297297

	16	 	60	 	 800	  31	   0.5555555555555556	 2.8139834

	16	 	60	 	 800	  36	   0.5555555555555556	 3.0104202

	16	 	60	 	 800	  41	   0.5555555555555556	 3.5664439

	16	 	60	 	 800	  46	   0.5555555555555556	 3.8478384

	16	 	60	 	 1000	  1	   0.5263157894736842	 0.611033

	16	 	60	 	 1000	  6	   0.5555555555555556	 0.8432287

	16	 	60	 	 1000	  11	   0.5555555555555556	 1.2214688

	16	 	60	 	 1000	  16	   0.5555555555555556	 1.9027245

	16	 	60	 	 1000	  21	   0.5555555555555556	 2.3214892

	16	 	60	 	 1000	  26	   0.5555555555555556	 2.9432312

	16	 	60	 	 1000	  31	   0.5555555555555556	 3.4821356

	16	 	60	 	 1000	  36	   0.5555555555555556	 3.8130723

	16	 	60	 	 1000	  41	   0.5555555555555556	 4.5109508

	16	 	60	 	 1000	  46	   0.5555555555555556	 5.0035017

 Balio hoberenak: 

BSPB = 16 MD = 60 NF = 0 NI = 6 hurrengo puntuazioarekin 0.7000000000000001 eta 0.0653219 segundu behar izan ditu

Exekuzio denbora: 887.9324548 segundu
